0.000000E+00	0.000000E+00	0.000000E+00
1.055918E-02	-3.992933E-08	1.596449E-10
2.111836E-02	-1.597136E-07	1.277161E-09
3.167754E-02	-3.593416E-07	4.310425E-09
4.223672E-02	-6.387944E-07	1.021733E-08
5.279590E-02	-9.980461E-07	1.995577E-08
6.335509E-02	-1.437063E-06	3.448370E-08
7.391427E-02	-1.955804E-06	5.475907E-08
8.447345E-02	-2.554219E-06	8.173986E-08
9.503262E-02	-3.232253E-06	1.163841E-07
1.055918E-01	-3.989843E-06	1.596500E-07
1.161510E-01	-4.826915E-06	2.124955E-07
1.267102E-01	-5.743394E-06	2.758790E-07
1.372693E-01	-6.739189E-06	3.507584E-07
1.478285E-01	-7.814208E-06	4.380924E-07
1.583877E-01	-8.968348E-06	5.388391E-07
1.689469E-01	-1.020150E-05	6.539570E-07
1.795061E-01	-1.151355E-05	7.844048E-07
1.900652E-01	-1.290437E-05	9.311404E-07
2.006244E-01	-1.437383E-05	1.095123E-06
2.111836E-01	-1.592178E-05	1.277311E-06
2.217428E-01	-1.754808E-05	1.478664E-06
2.323020E-01	-1.925257E-05	1.700140E-06
2.428612E-01	-2.103510E-05	1.942697E-06
2.534204E-01	-2.289548E-05	2.207296E-06
2.639795E-01	-2.483353E-05	2.494894E-06
2.745387E-01	-2.684907E-05	2.806450E-06
2.850979E-01	-2.894191E-05	3.142924E-06
2.956571E-01	-3.111182E-05	3.505275E-06
3.062162E-01	-3.335862E-05	3.894461E-06
3.167754E-01	-3.568207E-05	4.311442E-06
3.273346E-01	-3.808194E-05	4.757177E-06
3.378938E-01	-4.055799E-05	5.232622E-06
3.484530E-01	-4.310999E-05	5.738739E-06
3.590122E-01	-4.573769E-05	6.276488E-06
3.695713E-01	-4.844079E-05	6.846821E-06
3.801305E-01	-5.121905E-05	7.450702E-06
3.906897E-01	-5.407220E-05	8.089091E-06
4.012489E-01	-5.699992E-05	8.762941E-06
4.118080E-01	-6.000192E-05	9.473211E-06
4.223672E-01	-6.307790E-05	1.022086E-05
4.329264E-01	-6.622755E-05	1.100684E-05
4.434856E-01	-6.945054E-05	1.183212E-05
4.540448E-01	-7.274653E-05	1.269765E-05
4.646040E-01	-7.611520E-05	1.360438E-05
4.751631E-01	-7.955616E-05	1.455328E-05
4.857223E-01	-8.306911E-05	1.554529E-05
4.962815E-01	-8.665363E-05	1.658137E-05
5.068407E-01	-9.030935E-05	1.766249E-05
5.173998E-01	-9.403585E-05	1.878957E-05
5.279590E-01	-9.783280E-05	1.996360E-05
5.385182E-01	-1.016997E-04	2.118550E-05
5.490774E-01	-1.056363E-04	2.245624E-05
5.596366E-01	-1.096420E-04	2.377678E-05
5.701957E-01	-1.137164E-04	2.514804E-05
5.807549E-01	-1.178591E-04	2.657100E-05
5.913141E-01	-1.220696E-04	2.804658E-05
6.018733E-01	-1.263474E-04	2.957574E-05
6.124325E-01	-1.306922E-04	3.115943E-05
6.229917E-01	-1.351033E-04	3.279860E-05
6.335508E-01	-1.395803E-04	3.449417E-05
6.441100E-01	-1.441226E-04	3.624709E-05
6.546692E-01	-1.487299E-04	3.805830E-05
6.652284E-01	-1.534014E-04	3.992874E-05
6.757876E-01	-1.581367E-04	4.185934E-05
6.863468E-01	-1.629353E-04	4.385108E-05
6.969059E-01	-1.677965E-04	4.590479E-05
7.074651E-01	-1.727198E-04	4.802152E-05
7.180243E-01	-1.777047E-04	5.020212E-05
7.285835E-01	-1.827504E-04	5.244754E-05
7.391427E-01	-1.878564E-04	5.475869E-05
7.497019E-01	-1.930222E-04	5.713653E-05
7.602610E-01	-1.982469E-04	5.958193E-05
7.708202E-01	-2.035301E-04	6.209585E-05
7.813794E-01	-2.088711E-04	6.467917E-05
7.919385E-01	-2.142691E-04	6.733280E-05
8.024977E-01	-2.197236E-04	7.005767E-05
8.130569E-01	-2.252338E-04	7.285470E-05
8.236161E-01	-2.307990E-04	7.572471E-05
8.341753E-01	-2.364186E-04	7.866871E-05
8.447344E-01	-2.420917E-04	8.168747E-05
8.552936E-01	-2.478177E-04	8.478200E-05
8.658528E-01	-2.535958E-04	8.795309E-05
8.764120E-01	-2.594252E-04	9.120170E-05
8.869712E-01	-2.653052E-04	9.452866E-05
8.975304E-01	-2.712351E-04	9.793486E-05
9.080895E-01	-2.772138E-04	1.014211E-04
9.186487E-01	-2.832408E-04	1.049884E-04
9.292079E-01	-2.893151E-04	1.086375E-04
9.397671E-01	-2.954359E-04	1.123692E-04
9.503263E-01	-3.016024E-04	1.161844E-04
9.608855E-01	-3.078138E-04	1.200841E-04
9.714446E-01	-3.140690E-04	1.240689E-04
9.820038E-01	-3.203672E-04	1.281398E-04
9.925630E-01	-3.267077E-04	1.322975E-04
1.003122E+00	-3.330893E-04	1.365430E-04
1.013681E+00	-3.395112E-04	1.408768E-04
1.024240E+00	-3.459725E-04	1.453000E-04
1.034800E+00	-3.524722E-04	1.498132E-04
1.045359E+00	-3.590093E-04	1.544174E-04
1.055918E+00	-3.655829E-04	1.591132E-04
1.066477E+00	-3.721920E-04	1.639015E-04
1.077036E+00	-3.788355E-04	1.687829E-04
1.087596E+00	-3.855124E-04	1.737583E-04
1.098155E+00	-3.922218E-04	1.788285E-04
1.108714E+00	-3.989626E-04	1.839941E-04
1.119273E+00	-4.057335E-04	1.892559E-04
1.129832E+00	-4.125339E-04	1.946147E-04
1.140391E+00	-4.193623E-04	2.000709E-04
1.150951E+00	-4.262177E-04	2.056256E-04
1.161510E+00	-4.330991E-04	2.112793E-04
1.172069E+00	-4.400053E-04	2.170328E-04
1.182628E+00	-4.469352E-04	2.228867E-04
1.193187E+00	-4.538876E-04	2.288417E-04
1.203747E+00	-4.608613E-04	2.348983E-04
1.214306E+00	-4.678552E-04	2.410572E-04
1.224865E+00	-4.748680E-04	2.473192E-04
1.235424E+00	-4.818987E-04	2.536849E-04
1.245983E+00	-4.889459E-04	2.601547E-04
1.256543E+00	-4.960085E-04	2.667294E-04
1.267102E+00	-5.030850E-04	2.734094E-04
1.277661E+00	-5.101745E-04	2.801955E-04
1.288220E+00	-5.172754E-04	2.870881E-04
1.298779E+00	-5.243866E-04	2.940877E-04
1.309338E+00	-5.315068E-04	3.011949E-04
1.319898E+00	-5.386347E-04	3.084103E-04
1.330457E+00	-5.457689E-04	3.157343E-04
1.341016E+00	-5.529081E-04	3.231674E-04
1.351575E+00	-5.600510E-04	3.307100E-04
1.362134E+00	-5.671962E-04	3.383627E-04
1.372694E+00	-5.743425E-04	3.461260E-04
1.383253E+00	-5.814880E-04	3.540000E-04
1.393812E+00	-5.886318E-04	3.619854E-04
1.404371E+00	-5.957726E-04	3.700827E-04
1.414930E+00	-6.029086E-04	3.782920E-04
1.425489E+00	-6.100384E-04	3.866136E-04
1.436049E+00	-6.171609E-04	3.950481E-04
1.446608E+00	-6.242743E-04	4.035957E-04
1.457167E+00	-6.313772E-04	4.122567E-04
1.467726E+00	-6.384683E-04	4.210314E-04
1.478285E+00	-6.455461E-04	4.299201E-04
1.488845E+00	-6.526090E-04	4.389231E-04
1.499404E+00	-6.596556E-04	4.480408E-04
1.509963E+00	-6.666840E-04	4.572727E-04
1.520522E+00	-6.736933E-04	4.666197E-04
1.531081E+00	-6.806817E-04	4.760819E-04
1.541640E+00	-6.876475E-04	4.856592E-04
1.552200E+00	-6.945893E-04	4.953519E-04
1.562759E+00	-7.015057E-04	5.051600E-04
1.573318E+00	-7.083949E-04	5.150836E-04
1.583877E+00	-7.152554E-04	5.251229E-04
1.594436E+00	-7.220856E-04	5.352778E-04
1.604995E+00	-7.288840E-04	5.455484E-04
1.615555E+00	-7.356489E-04	5.559347E-04
1.626114E+00	-7.423789E-04	5.664369E-04
1.636673E+00	-7.490721E-04	5.770544E-04
1.647232E+00	-7.557271E-04	5.877877E-04
1.657791E+00	-7.623424E-04	5.986365E-04
1.668351E+00	-7.689160E-04	6.096007E-04
1.678910E+00	-7.754466E-04	6.206801E-04
1.689469E+00	-7.819323E-04	6.318743E-04
1.700028E+00	-7.883718E-04	6.431839E-04
1.710587E+00	-7.947633E-04	6.546080E-04
1.721146E+00	-8.011051E-04	6.661467E-04
1.731706E+00	-8.073956E-04	6.777995E-04
1.742265E+00	-8.136331E-04	6.895663E-04
1.752824E+00	-8.198161E-04	7.014467E-04
1.763383E+00	-8.259429E-04	7.134404E-04
1.773942E+00	-8.320117E-04	7.255471E-04
1.784502E+00	-8.380210E-04	7.377666E-04
1.795061E+00	-8.439691E-04	7.500981E-04
1.805620E+00	-8.498546E-04	7.625413E-04
1.816179E+00	-8.556751E-04	7.750954E-04
1.826738E+00	-8.614300E-04	7.877609E-04
1.837297E+00	-8.671167E-04	8.005364E-04
1.847857E+00	-8.727342E-04	8.134218E-04
1.858416E+00	-8.782806E-04	8.264162E-04
1.868975E+00	-8.837542E-04	8.395196E-04
1.879534E+00	-8.891534E-04	8.527304E-04
1.890093E+00	-8.944765E-04	8.660489E-04
1.900653E+00	-8.997222E-04	8.794738E-04
1.911212E+00	-9.048886E-04	8.930051E-04
1.921771E+00	-9.099742E-04	9.066414E-04
1.932330E+00	-9.149772E-04	9.203820E-04
1.942889E+00	-9.198962E-04	9.342264E-04
1.953448E+00	-9.247296E-04	9.481739E-04
1.964008E+00	-9.294755E-04	9.622232E-04
1.974567E+00	-9.341327E-04	9.763739E-04
1.985126E+00	-9.386993E-04	9.906249E-04
1.995685E+00	-9.431742E-04	1.004975E-03
2.006244E+00	-9.475553E-04	1.019424E-03
2.016804E+00	-9.518414E-04	1.033970E-03
2.027363E+00	-9.560308E-04	1.048613E-03
2.037922E+00	-9.601222E-04	1.063352E-03
2.048481E+00	-9.641139E-04	1.078184E-03
2.059040E+00	-9.680043E-04	1.093110E-03
2.069599E+00	-9.717921E-04	1.108128E-03
2.080159E+00	-9.754759E-04	1.123238E-03
2.090718E+00	-9.790540E-04	1.138438E-03
2.101277E+00	-9.825252E-04	1.153725E-03
2.111836E+00	-9.858881E-04	1.169102E-03
2.122395E+00	-9.891409E-04	1.184564E-03
2.132955E+00	-9.922824E-04	1.200111E-03
2.143514E+00	-9.953115E-04	1.215742E-03
2.154073E+00	-9.982266E-04	1.231456E-03
2.164632E+00	-1.001026E-03	1.247251E-03
2.175191E+00	-1.003710E-03	1.263125E-03
2.185750E+00	-1.006274E-03	1.279079E-03
2.196310E+00	-1.008720E-03	1.295109E-03
2.206869E+00	-1.011046E-03	1.311215E-03
2.217428E+00	-1.013249E-03	1.327395E-03
2.227987E+00	-1.015330E-03	1.343647E-03
2.238546E+00	-1.017286E-03	1.359972E-03
2.249105E+00	-1.019117E-03	1.376365E-03
2.259665E+00	-1.020822E-03	1.392827E-03
2.270224E+00	-1.022399E-03	1.409356E-03
2.280783E+00	-1.023847E-03	1.425949E-03
2.291342E+00	-1.025166E-03	1.442606E-03
2.301901E+00	-1.026353E-03	1.459325E-03
2.312461E+00	-1.027409E-03	1.476104E-03
2.323020E+00	-1.028331E-03	1.492941E-03
2.333579E+00	-1.029120E-03	1.509836E-03
2.344138E+00	-1.029774E-03	1.526786E-03
2.354697E+00	-1.030292E-03	1.543788E-03
2.365257E+00	-1.030673E-03	1.560843E-03
2.375816E+00	-1.030917E-03	1.577948E-03
2.386375E+00	-1.031022E-03	1.595101E-03
2.396934E+00	-1.030988E-03	1.612300E-03
2.407493E+00	-1.030813E-03	1.629544E-03
2.418052E+00	-1.030498E-03	1.646831E-03
2.428612E+00	-1.030042E-03	1.664158E-03
2.439171E+00	-1.029443E-03	1.681525E-03
2.449730E+00	-1.028701E-03	1.698929E-03
2.460289E+00	-1.027815E-03	1.716369E-03
2.470848E+00	-1.026785E-03	1.733842E-03
2.481407E+00	-1.025611E-03	1.751347E-03
2.491967E+00	-1.024291E-03	1.768882E-03
2.502526E+00	-1.022825E-03	1.786445E-03
2.513085E+00	-1.021213E-03	1.804034E-03
2.523644E+00	-1.019454E-03	1.821646E-03
2.534203E+00	-1.017548E-03	1.839281E-03
2.544763E+00	-1.015494E-03	1.856937E-03
2.555322E+00	-1.013292E-03	1.874610E-03
2.565881E+00	-1.010941E-03	1.892300E-03
2.576440E+00	-1.008442E-03	1.910004E-03
2.586999E+00	-1.005795E-03	1.927720E-03
2.597558E+00	-1.002997E-03	1.945447E-03
2.608118E+00	-1.000051E-03	1.963183E-03
2.618677E+00	-9.969549E-04	1.980925E-03
2.629236E+00	-9.937093E-04	1.998671E-03
2.639795E+00	-9.903138E-04	2.016420E-03
2.650354E+00	-9.867685E-04	2.034169E-03
2.660913E+00	-9.830734E-04	2.051917E-03
2.671473E+00	-9.792285E-04	2.069663E-03
2.682032E+00	-9.752335E-04	2.087402E-03
2.692591E+00	-9.710887E-04	2.105134E-03
2.703150E+00	-9.667947E-04	2.122857E-03
2.713709E+00	-9.623505E-04	2.140569E-03
2.724269E+00	-9.577574E-04	2.158267E-03
2.734828E+00	-9.530145E-04	2.175950E-03
2.745387E+00	-9.481230E-04	2.193617E-03
2.755946E+00	-9.430827E-04	2.211263E-03
2.766505E+00	-9.378940E-04	2.228890E-03
2.777065E+00	-9.325568E-04	2.246493E-03
2.787624E+00	-9.270723E-04	2.264071E-03
2.798183E+00	-9.214398E-04	2.281623E-03
2.808742E+00	-9.156609E-04	2.299146E-03
2.819301E+00	-9.097352E-04	2.316638E-03
2.829860E+00	-9.036636E-04	2.334098E-03
2.840420E+00	-8.974464E-04	2.351523E-03
2.850979E+00	-8.910839E-04	2.368912E-03
2.861538E+00	-8.845772E-04	2.386264E-03
2.872097E+00	-8.779265E-04	2.403575E-03
2.882656E+00	-8.711326E-04	2.420844E-03
2.893215E+00	-8.641962E-04	2.438070E-03
2.903775E+00	-8.571178E-04	2.455251E-03
2.914334E+00	-8.498983E-04	2.472384E-03
2.924893E+00	-8.425382E-04	2.489469E-03
2.935452E+00	-8.350388E-04	2.506503E-03
2.946012E+00	-8.273998E-04	2.523484E-03
2.956571E+00	-8.196235E-04	2.540411E-03
2.967130E+00	-8.117096E-04	2.557283E-03
2.977689E+00	-8.036595E-04	2.574097E-03
2.988248E+00	-7.954739E-04	2.590852E-03
2.998807E+00	-7.871534E-04	2.607547E-03
3.009367E+00	-7.787000E-04	2.624178E-03
3.019926E+00	-7.701137E-04	2.640745E-03
3.030485E+00	-7.613955E-04	2.657247E-03
3.041044E+00	-7.525473E-04	2.673681E-03
3.051603E+00	-7.435692E-04	2.690048E-03
3.062162E+00	-7.344626E-04	2.706343E-03
3.072721E+00	-7.252290E-04	2.722566E-03
3.083281E+00	-7.158685E-04	2.738717E-03
3.093840E+00	-7.063835E-04	2.754793E-03
3.104399E+00	-6.967739E-04	2.770792E-03
3.114958E+00	-6.870419E-04	2.786714E-03
3.125518E+00	-6.771880E-04	2.802557E-03
3.136077E+00	-6.672139E-04	2.818319E-03
3.146636E+00	-6.571204E-04	2.834000E-03
3.157195E+00	-6.469090E-04	2.849598E-03
3.167754E+00	-6.365809E-04	2.865112E-03
3.178313E+00	-6.261374E-04	2.880540E-03
3.188873E+00	-6.155797E-04	2.895880E-03
3.199432E+00	-6.049093E-04	2.911133E-03
3.209991E+00	-5.941272E-04	2.926297E-03
3.220550E+00	-5.832351E-04	2.941370E-03
3.231109E+00	-5.722340E-04	2.956351E-03
3.241668E+00	-5.611254E-04	2.971240E-03
3.252228E+00	-5.499106E-04	2.986036E-03
3.262787E+00	-5.385916E-04	3.000735E-03
3.273346E+00	-5.271692E-04	3.015339E-03
3.283905E+00	-5.156445E-04	3.029847E-03
3.294464E+00	-5.040198E-04	3.044255E-03
3.305024E+00	-4.922957E-04	3.058566E-03
3.315583E+00	-4.804739E-04	3.072777E-03
3.326142E+00	-4.685567E-04	3.086886E-03
3.336701E+00	-4.565438E-04	3.100895E-03
3.347260E+00	-4.444386E-04	3.114800E-03
3.357820E+00	-4.322408E-04	3.128603E-03
3.368379E+00	-4.199532E-04	3.142301E-03
3.378938E+00	-4.075771E-04	3.155893E-03
3.389497E+00	-3.951131E-04	3.169381E-03
3.400056E+00	-3.825635E-04	3.182762E-03
3.410615E+00	-3.699295E-04	3.196036E-03
3.421175E+00	-3.572130E-04	3.209202E-03
3.431734E+00	-3.444149E-04	3.222260E-03
3.442293E+00	-3.315372E-04	3.235209E-03
3.452852E+00	-3.185811E-04	3.248048E-03
3.463411E+00	-3.055484E-04	3.260776E-03
3.473970E+00	-2.924402E-04	3.273394E-03
3.484530E+00	-2.792584E-04	3.285901E-03
3.495089E+00	-2.660044E-04	3.298296E-03
3.505648E+00	-2.526797E-04	3.310578E-03
3.516207E+00	-2.392858E-04	3.322748E-03
3.526766E+00	-2.258241E-04	3.334805E-03
3.537326E+00	-2.122961E-04	3.346748E-03
3.547885E+00	-1.987040E-04	3.358577E-03
3.558444E+00	-1.850481E-04	3.370293E-03
3.569003E+00	-1.713309E-04	3.381893E-03
3.579562E+00	-1.575541E-04	3.393378E-03
3.590122E+00	-1.437177E-04	3.404749E-03
3.600681E+00	-1.298251E-04	3.416003E-03
3.611240E+00	-1.158759E-04	3.427143E-03
3.621799E+00	-1.018731E-04	3.438167E-03
3.632358E+00	-8.781806E-05	3.449074E-03
3.642917E+00	-7.371075E-05	3.459866E-03
3.653476E+00	-5.955434E-05	3.470541E-03
3.664036E+00	-4.534973E-05	3.481099E-03
3.674595E+00	-3.109839E-05	3.491540E-03
3.685154E+00	-1.680149E-05	3.501866E-03
3.695713E+00	-2.460747E-06	3.512075E-03
3.706272E+00	1.192268E-05	3.522167E-03
3.739806E+00	5.786517E-05	3.553443E-03
3.773643E+00	1.045988E-04	3.583811E-03
3.807786E+00	1.520883E-04	3.613243E-03
3.842239E+00	2.003027E-04	3.641714E-03
3.877002E+00	2.492050E-04	3.669200E-03
3.912081E+00	2.987619E-04	3.695680E-03
3.947477E+00	3.489367E-04	3.721134E-03
3.983193E+00	3.996915E-04	3.745542E-03
4.019233E+00	4.509901E-04	3.768889E-03
4.055598E+00	5.027914E-04	3.791159E-03
4.092292E+00	5.550582E-04	3.812338E-03
4.129319E+00	6.077526E-04	3.832418E-03
4.166680E+00	6.608325E-04	3.851386E-03
4.204380E+00	7.142600E-04	3.869237E-03
4.242420E+00	7.679947E-04	3.885963E-03
4.280805E+00	8.219969E-04	3.901563E-03
4.319537E+00	8.762282E-04	3.916032E-03
4.358619E+00	9.306488E-04	3.929373E-03
4.398056E+00	9.852198E-04	3.941585E-03
4.437848E+00	1.039903E-03	3.952672E-03
4.478001E+00	1.094660E-03	3.962639E-03
4.518517E+00	1.149454E-03	3.971491E-03
4.559400E+00	1.204248E-03	3.979238E-03
4.600653E+00	1.259008E-03	3.985888E-03
4.642279E+00	1.313697E-03	3.991452E-03
4.684281E+00	1.368283E-03	3.995942E-03
4.726665E+00	1.422731E-03	3.999373E-03
4.769430E+00	1.477009E-03	4.001758E-03
4.812583E+00	1.531088E-03	4.003113E-03
4.856127E+00	1.584937E-03	4.003455E-03
4.900065E+00	1.638527E-03	4.002802E-03
4.944399E+00	1.691829E-03	4.001173E-03
4.989136E+00	1.744820E-03	3.998588E-03
5.034276E+00	1.797471E-03	3.995066E-03
5.079826E+00	1.849761E-03	3.990628E-03
5.125787E+00	1.901665E-03	3.985296E-03
5.172164E+00	1.953162E-03	3.979094E-03
5.218962E+00	2.004233E-03	3.972042E-03
5.266182E+00	2.054857E-03	3.964164E-03
5.313829E+00	2.105016E-03	3.955484E-03
5.361908E+00	2.154696E-03	3.946024E-03
5.410422E+00	2.203878E-03	3.935810E-03
5.459375E+00	2.252549E-03	3.924864E-03
5.508770E+00	2.300696E-03	3.913211E-03
5.558612E+00	2.348306E-03	3.900874E-03
5.608906E+00	2.395370E-03	3.887879E-03
5.659655E+00	2.441876E-03	3.874249E-03
5.710863E+00	2.487815E-03	3.860007E-03
5.762533E+00	2.533180E-03	3.845178E-03
5.814672E+00	2.577964E-03	3.829785E-03
5.867282E+00	2.622162E-03	3.813852E-03
5.920368E+00	2.665767E-03	3.797401E-03
5.973935E+00	2.708776E-03	3.780455E-03
6.027986E+00	2.751184E-03	3.763037E-03
6.082526E+00	2.792990E-03	3.745168E-03
6.137560E+00	2.834193E-03	3.726870E-03
6.193091E+00	2.874790E-03	3.708166E-03
6.249126E+00	2.914783E-03	3.689074E-03
6.305667E+00	2.954170E-03	3.669616E-03
6.362719E+00	2.992952E-03	3.649813E-03
6.420289E+00	3.031133E-03	3.629683E-03
6.478378E+00	3.068713E-03	3.609245E-03
6.536994E+00	3.105696E-03	3.588518E-03
6.596139E+00	3.142083E-03	3.567522E-03
6.655819E+00	3.177880E-03	3.546271E-03
6.716041E+00	3.213091E-03	3.524784E-03
6.776806E+00	3.247719E-03	3.503079E-03
6.838122E+00	3.281769E-03	3.481169E-03
6.899992E+00	3.315246E-03	3.459074E-03
6.962422E+00	3.348158E-03	3.436805E-03
7.025417E+00	3.380508E-03	3.414378E-03
7.088982E+00	3.412304E-03	3.391808E-03
7.153122E+00	3.443551E-03	3.369108E-03
7.217842E+00	3.474255E-03	3.346292E-03
7.283148E+00	3.504426E-03	3.323373E-03
7.349045E+00	3.534068E-03	3.300361E-03
7.415539E+00	3.563190E-03	3.277270E-03
7.482633E+00	3.591797E-03	3.254111E-03
7.550334E+00	3.619897E-03	3.230896E-03
7.618648E+00	3.647499E-03	3.207633E-03
7.687581E+00	3.674611E-03	3.184334E-03
7.757137E+00	3.701239E-03	3.161009E-03
7.827322E+00	3.727392E-03	3.137666E-03
7.898142E+00	3.753077E-03	3.114315E-03
7.969603E+00	3.778301E-03	3.090964E-03
8.041712E+00	3.803075E-03	3.067622E-03
8.114472E+00	3.827404E-03	3.044296E-03
8.187890E+00	3.851296E-03	3.020993E-03
8.261972E+00	3.874761E-03	2.997721E-03
8.336725E+00	3.897805E-03	2.974487E-03
8.412155E+00	3.920437E-03	2.951297E-03
8.488268E+00	3.942664E-03	2.928157E-03
8.565067E+00	3.964494E-03	2.905074E-03
8.642563E+00	3.985936E-03	2.882053E-03
8.720758E+00	4.006998E-03	2.859099E-03
8.799664E+00	4.027686E-03	2.836216E-03
8.879282E+00	4.048007E-03	2.813411E-03
8.959620E+00	4.067971E-03	2.790687E-03
9.040685E+00	4.087584E-03	2.768049E-03
9.122482E+00	4.106854E-03	2.745502E-03
9.205022E+00	4.125788E-03	2.723046E-03
9.288308E+00	4.144394E-03	2.700689E-03
9.372347E+00	4.162679E-03	2.678432E-03
9.457147E+00	4.180649E-03	2.656278E-03
9.542712E+00	4.198312E-03	2.634232E-03
9.629054E+00	4.215676E-03	2.612294E-03
9.716177E+00	4.232747E-03	2.590469E-03
9.804087E+00	4.249532E-03	2.568759E-03
9.892793E+00	4.266036E-03	2.547165E-03
9.982300E+00	4.282268E-03	2.525690E-03
1.007262E+01	4.298233E-03	2.504336E-03
1.016376E+01	4.313940E-03	2.483104E-03
1.025572E+01	4.329393E-03	2.461997E-03
1.034851E+01	4.344598E-03	2.441015E-03
1.044214E+01	4.359563E-03	2.420161E-03
1.053662E+01	4.374294E-03	2.399435E-03
1.063195E+01	4.388794E-03	2.378839E-03
1.072815E+01	4.403073E-03	2.358373E-03
1.082521E+01	4.417134E-03	2.338039E-03
1.092316E+01	4.430986E-03	2.317838E-03
1.102199E+01	4.444631E-03	2.297769E-03
1.112172E+01	4.458077E-03	2.277834E-03
1.122234E+01	4.471329E-03	2.258033E-03
1.132388E+01	4.484391E-03	2.238367E-03
1.142634E+01	4.497271E-03	2.218836E-03
1.152972E+01	4.509973E-03	2.199440E-03
1.163404E+01	4.522503E-03	2.180179E-03
1.173930E+01	4.534864E-03	2.161055E-03
1.184552E+01	4.547063E-03	2.142066E-03
1.195269E+01	4.559105E-03	2.123212E-03
1.206084E+01	4.570994E-03	2.104494E-03
1.216997E+01	4.582736E-03	2.085912E-03
1.228008E+01	4.594335E-03	2.067464E-03
1.239118E+01	4.605796E-03	2.049151E-03
1.250330E+01	4.617124E-03	2.030973E-03
1.261643E+01	4.628323E-03	2.012929E-03
1.273058E+01	4.639398E-03	1.995020E-03
1.284576E+01	4.650353E-03	1.977243E-03
1.296199E+01	4.661194E-03	1.959600E-03
1.307927E+01	4.671924E-03	1.942088E-03
1.319760E+01	4.682547E-03	1.924709E-03
1.331702E+01	4.693070E-03	1.907460E-03
1.343751E+01	4.703494E-03	1.890342E-03
1.355909E+01	4.713824E-03	1.873354E-03
1.368177E+01	4.724066E-03	1.856494E-03
1.380556E+01	4.734222E-03	1.839763E-03
1.393047E+01	4.744297E-03	1.823160E-03
1.405651E+01	4.754295E-03	1.806683E-03
1.418369E+01	4.764220E-03	1.790331E-03
1.431202E+01	4.774077E-03	1.774105E-03
1.444151E+01	4.783867E-03	1.758003E-03
1.457218E+01	4.793597E-03	1.742023E-03
1.470403E+01	4.803270E-03	1.726166E-03
1.483707E+01	4.812889E-03	1.710429E-03
1.497131E+01	4.822459E-03	1.694813E-03
1.510677E+01	4.831983E-03	1.679316E-03
1.524345E+01	4.841465E-03	1.663937E-03
1.538137E+01	4.850909E-03	1.648675E-03
1.552054E+01	4.860318E-03	1.633529E-03
1.566096E+01	4.869697E-03	1.618497E-03
1.580266E+01	4.879048E-03	1.603579E-03
1.594564E+01	4.888376E-03	1.588773E-03
1.608992E+01	4.897685E-03	1.574079E-03
1.623550E+01	4.906978E-03	1.559494E-03
1.638239E+01	4.916259E-03	1.545019E-03
1.653062E+01	4.925530E-03	1.530651E-03
1.668019E+01	4.934797E-03	1.516390E-03
1.683110E+01	4.944063E-03	1.502234E-03
1.698339E+01	4.953331E-03	1.488182E-03
1.713705E+01	4.962605E-03	1.474232E-03
1.729210E+01	4.971889E-03	1.460384E-03
1.744856E+01	4.981187E-03	1.446635E-03
1.760643E+01	4.990500E-03	1.432985E-03
1.776574E+01	4.999836E-03	1.419432E-03
1.792648E+01	5.009197E-03	1.405976E-03
1.808867E+01	5.018584E-03	1.392614E-03
1.825234E+01	5.028005E-03	1.379345E-03
1.841748E+01	5.037460E-03	1.366168E-03
1.858412E+01	5.046956E-03	1.353080E-03
1.875226E+01	5.056494E-03	1.340082E-03
1.892193E+01	5.066080E-03	1.327170E-03
1.909313E+01	5.075716E-03	1.314345E-03
1.926588E+01	5.085409E-03	1.301603E-03
1.944020E+01	5.095160E-03	1.288944E-03
1.961609E+01	5.104973E-03	1.276366E-03
1.979358E+01	5.114852E-03	1.263868E-03
1.997267E+01	5.124803E-03	1.251448E-03
2.015337E+01	5.134828E-03	1.239103E-03
2.033572E+01	5.144933E-03	1.226834E-03
2.051971E+01	5.155120E-03	1.214636E-03
2.070537E+01	5.165395E-03	1.202510E-03
2.089271E+01	5.175761E-03	1.190453E-03
2.108175E+01	5.186223E-03	1.178464E-03
2.127249E+01	5.196786E-03	1.166540E-03
2.146496E+01	5.207452E-03	1.154681E-03
2.165917E+01	5.218228E-03	1.142883E-03
2.185514E+01	5.229118E-03	1.131145E-03
2.205288E+01	5.240127E-03	1.119465E-03
2.225241E+01	5.251257E-03	1.107842E-03
2.245374E+01	5.262516E-03	1.096272E-03
2.265691E+01	5.273907E-03	1.084754E-03
2.286190E+01	5.285437E-03	1.073286E-03
2.306875E+01	5.297108E-03	1.061866E-03
2.327748E+01	5.308928E-03	1.050491E-03
2.348809E+01	5.320899E-03	1.039160E-03
2.370061E+01	5.333030E-03	1.027869E-03
2.391504E+01	5.345323E-03	1.016617E-03
2.413142E+01	5.357786E-03	1.005401E-03
2.434976E+01	5.370424E-03	9.942179E-04
2.457007E+01	5.383242E-03	9.830665E-04
2.479238E+01	5.396246E-03	9.719428E-04
2.501670E+01	5.409443E-03	9.608452E-04
2.524305E+01	5.422838E-03	9.497702E-04
2.547144E+01	5.436438E-03	9.387155E-04
2.570190E+01	5.450248E-03	9.276781E-04
2.593445E+01	5.464276E-03	9.166548E-04
2.616910E+01	5.478528E-03	9.056426E-04
2.640587E+01	5.493011E-03	8.946382E-04
2.664478E+01	5.507732E-03	8.836387E-04
2.688586E+01	5.522698E-03	8.726402E-04
2.712913E+01	5.537916E-03	8.616392E-04
2.737458E+01	5.553395E-03	8.506327E-04
2.762227E+01	5.569141E-03	8.396162E-04
2.787219E+01	5.585163E-03	8.285868E-04
2.812437E+01	5.601468E-03	8.175402E-04
2.837884E+01	5.618064E-03	8.064718E-04
2.863560E+01	5.634962E-03	7.953778E-04
2.889469E+01	5.652168E-03	7.842540E-04
2.915612E+01	5.669692E-03	7.730953E-04
2.941992E+01	5.687543E-03	7.618975E-04
2.968612E+01	5.705731E-03	7.506551E-04
2.995471E+01	5.724266E-03	7.393638E-04
3.022574E+01	5.743157E-03	7.280176E-04
3.049922E+01	5.762415E-03	7.166119E-04
3.077517E+01	5.782050E-03	7.051405E-04
3.105362E+01	5.802074E-03	6.935974E-04
3.133458E+01	5.822496E-03	6.819769E-04
3.161809E+01	5.843329E-03	6.702722E-04
3.190416E+01	5.864585E-03	6.584768E-04
3.219283E+01	5.886276E-03	6.465836E-04
3.248411E+01	5.908415E-03	6.345857E-04
3.277802E+01	5.931015E-03	6.224754E-04
3.307460E+01	5.954089E-03	6.102447E-04
3.337385E+01	5.977649E-03	5.978860E-04
3.367581E+01	6.001712E-03	5.853903E-04
3.398050E+01	6.026291E-03	5.727488E-04
3.428794E+01	6.051403E-03	5.599522E-04
3.459818E+01	6.077061E-03	5.469905E-04
3.491121E+01	6.103283E-03	5.338535E-04
3.522709E+01	6.130087E-03	5.205302E-04
3.554582E+01	6.157486E-03	5.070102E-04
3.586743E+01	6.185501E-03	4.932815E-04
3.619196E+01	6.214150E-03	4.793310E-04
3.651942E+01	6.243451E-03	4.651467E-04
3.684984E+01	6.273425E-03	4.507148E-04
3.718325E+01	6.304091E-03	4.360209E-04
3.751967E+01	6.335470E-03	4.210500E-04
3.785914E+01	6.367584E-03	4.057864E-04
3.820169E+01	6.400458E-03	3.902131E-04
3.854734E+01	6.434110E-03	3.743136E-04
3.889610E+01	6.468568E-03	3.580691E-04
3.924803E+01	6.503857E-03	3.414601E-04
3.960313E+01	6.540001E-03	3.244664E-04
3.996147E+01	6.577027E-03	3.070657E-04
4.032303E+01	6.614964E-03	2.892367E-04
4.068786E+01	6.653840E-03	2.709549E-04
4.105600E+01	6.693685E-03	2.521945E-04
4.142746E+01	6.734528E-03	2.329292E-04
4.180230E+01	6.776405E-03	2.131302E-04
4.218052E+01	6.819344E-03	1.927685E-04
4.256216E+01	6.863383E-03	1.718116E-04
4.294725E+01	6.908556E-03	1.502261E-04
4.333583E+01	6.954901E-03	1.279768E-04
4.372794E+01	7.002458E-03	1.050244E-04
4.412358E+01	7.051261E-03	8.133071E-05
4.452280E+01	7.101356E-03	5.685232E-05
4.492563E+01	7.152784E-03	3.154441E-05
4.533211E+01	7.205588E-03	5.358392E-06
4.574228E+01	7.259819E-03	-2.175764E-05
4.615614E+01	7.315518E-03	-4.985663E-05
4.657375E+01	7.372738E-03	-7.899749E-05
4.699514E+01	7.431531E-03	-1.092419E-04
4.742035E+01	7.491946E-03	-1.406560E-04
4.784941E+01	7.554044E-03	-1.733111E-04
4.828234E+01	7.617875E-03	-2.072807E-04
4.871919E+01	7.683500E-03	-2.426463E-04
4.915999E+01	7.750980E-03	-2.794936E-04
4.960478E+01	7.820379E-03	-3.179150E-04
5.005360E+01	7.891763E-03	-3.580103E-04
5.050648E+01	7.965192E-03	-3.998820E-04
5.096345E+01	8.040740E-03	-4.436464E-04
5.142456E+01	8.118479E-03	-4.894231E-04
5.188985E+01	8.198480E-03	-5.373462E-04
5.235934E+01	8.280813E-03	-5.875510E-04
5.283307E+01	8.365559E-03	-6.401914E-04
5.331110E+01	8.452796E-03	-6.954298E-04
5.379344E+01	8.542601E-03	-7.534403E-04
5.428017E+01	8.635056E-03	-8.144143E-04
5.477129E+01	8.730239E-03	-8.785508E-04
5.526684E+01	8.828236E-03	-9.460706E-04
5.576689E+01	8.929121E-03	-1.017211E-03
5.627145E+01	9.032981E-03	-1.092228E-03
5.678060E+01	9.139895E-03	-1.171399E-03
5.729434E+01	9.249934E-03	-1.255019E-03
5.781273E+01	9.363171E-03	-1.343415E-03
5.833580E+01	9.479680E-03	-1.436936E-03
5.886361E+01	9.599519E-03	-1.535962E-03
5.939621E+01	9.722746E-03	-1.640906E-03
5.993362E+01	9.849398E-03	-1.752209E-03
6.047589E+01	9.979507E-03	-1.870355E-03
6.102306E+01	1.011309E-02	-1.995866E-03
6.157518E+01	1.025013E-02	-2.129312E-03
6.213232E+01	1.039061E-02	-2.271310E-03
6.269448E+01	1.053447E-02	-2.422520E-03
6.326172E+01	1.068160E-02	-2.583665E-03
6.383410E+01	1.083188E-02	-2.755525E-03
6.441166E+01	1.098510E-02	-2.938942E-03
6.499446E+01	1.114102E-02	-3.134836E-03
6.558252E+01	1.129932E-02	-3.344173E-03
6.617590E+01	1.145957E-02	-3.568010E-03
6.677464E+01	1.162126E-02	-3.807477E-03
6.737880E+01	1.178377E-02	-4.063781E-03
6.798845E+01	1.194632E-02	-4.338216E-03
6.860359E+01	1.210795E-02	-4.632110E-03
6.922430E+01	1.226753E-02	-4.946901E-03
6.985063E+01	1.242369E-02	-5.284058E-03
7.048263E+01	1.257482E-02	-5.645114E-03
7.112035E+01	1.271899E-02	-6.031598E-03
7.176384E+01	1.285394E-02	-6.445032E-03
7.241314E+01	1.297704E-02	-6.886883E-03
7.306832E+01	1.308521E-02	-7.358521E-03
7.372942E+01	1.317492E-02	-7.861124E-03
7.439654E+01	1.324214E-02	-8.395631E-03
7.506966E+01	1.328231E-02	-8.962539E-03
7.574887E+01	1.329030E-02	-9.561904E-03
7.643423E+01	1.326050E-02	-1.019310E-02
7.712579E+01	1.318678E-02	-1.085466E-02
7.782363E+01	1.306263E-02	-1.154413E-02
7.852776E+01	1.288130E-02	-1.225778E-02
7.923827E+01	1.263600E-02	-1.299051E-02
7.995519E+01	1.232018E-02	-1.373566E-02
8.067861E+01	1.192792E-02	-1.448491E-02
8.140860E+01	1.145431E-02	-1.522824E-02
8.214516E+01	1.089605E-02	-1.595398E-02
8.288840E+01	1.025177E-02	-1.664919E-02
8.363835E+01	9.522652E-03	-1.729996E-02
8.439510E+01	8.712688E-03	-1.789203E-02
8.515871E+01	7.828939E-03	-1.841152E-02
8.592921E+01	6.881596E-03	-1.884566E-02
8.670667E+01	5.883548E-03	-1.918373E-02
8.749119E+01	4.849992E-03	-1.941770E-02
8.788903E+01	4.321197E-03	-1.949450E-02
8.828870E+01	3.789820E-03	-1.954337E-02
8.869015E+01	3.258149E-03	-1.956429E-02
8.909345E+01	2.728307E-03	-1.955746E-02
8.949859E+01	2.202493E-03	-1.952331E-02
8.990557E+01	1.682774E-03	-1.946251E-02
9.031438E+01	1.171145E-03	-1.937590E-02
9.072507E+01	6.693768E-04	-1.926451E-02
9.113763E+01	1.791978E-04	-1.912953E-02
9.155206E+01	-2.978815E-04	-1.897230E-02
9.196835E+01	-7.604661E-04	-1.879426E-02
9.238657E+01	-1.207443E-03	-1.859693E-02
9.280668E+01	-1.637802E-03	-1.838190E-02
9.322871E+01	-2.050736E-03	-1.815078E-02
9.365263E+01	-2.445593E-03	-1.790524E-02
9.407849E+01	-2.821956E-03	-1.764689E-02
9.450630E+01	-3.179520E-03	-1.737733E-02
9.493606E+01	-3.518145E-03	-1.709814E-02
9.536774E+01	-3.837797E-03	-1.681085E-02
9.580141E+01	-4.138634E-03	-1.651687E-02
9.623705E+01	-4.420882E-03	-1.621759E-02
9.667467E+01	-4.684865E-03	-1.591430E-02
9.711426E+01	-4.930987E-03	-1.560821E-02
9.755587E+01	-5.159763E-03	-1.530040E-02
9.799949E+01	-5.371721E-03	-1.499192E-02
9.844513E+01	-5.567453E-03	-1.468369E-02
9.889279E+01	-5.747585E-03	-1.437656E-02
9.934246E+01	-5.912757E-03	-1.407132E-02
9.979420E+01	-6.063662E-03	-1.376858E-02
1.002480E+02	-6.200967E-03	-1.346899E-02
1.007038E+02	-6.325347E-03	-1.317306E-02
1.011618E+02	-6.437501E-03	-1.288121E-02
1.016218E+02	-6.538071E-03	-1.259389E-02
1.020839E+02	-6.627726E-03	-1.231141E-02
1.025481E+02	-6.707117E-03	-1.203399E-02
1.030144E+02	-6.776849E-03	-1.176193E-02
1.034829E+02	-6.837540E-03	-1.149535E-02
1.039534E+02	-6.889749E-03	-1.123444E-02
1.044261E+02	-6.934043E-03	-1.097929E-02
1.049010E+02	-6.970959E-03	-1.072991E-02
1.053780E+02	-7.000988E-03	-1.048641E-02
1.058571E+02	-7.024617E-03	-1.024878E-02
1.063385E+02	-7.042307E-03	-1.001697E-02
1.068221E+02	-7.054484E-03	-9.791018E-03
1.073079E+02	-7.061558E-03	-9.570817E-03
1.077958E+02	-7.063914E-03	-9.356349E-03
1.082859E+02	-7.061910E-03	-9.147525E-03
1.087784E+02	-7.055894E-03	-8.944226E-03
1.092730E+02	-7.046178E-03	-8.746412E-03
1.097700E+02	-7.033066E-03	-8.553926E-03
1.102691E+02	-7.016839E-03	-8.366711E-03
1.107705E+02	-6.997756E-03	-8.184628E-03
1.112742E+02	-6.976063E-03	-8.007542E-03
1.117802E+02	-6.951993E-03	-7.835375E-03
1.122885E+02	-6.925758E-03	-7.667980E-03
1.127991E+02	-6.897550E-03	-7.505219E-03
1.133120E+02	-6.867565E-03	-7.347009E-03
1.138273E+02	-6.835965E-03	-7.193186E-03
1.143449E+02	-6.802922E-03	-7.043666E-03
1.148648E+02	-6.768579E-03	-6.898311E-03
1.153872E+02	-6.733068E-03	-6.756981E-03
1.159119E+02	-6.696532E-03	-6.619597E-03
1.164389E+02	-6.659080E-03	-6.486018E-03
1.169685E+02	-6.620819E-03	-6.356121E-03
1.175003E+02	-6.581865E-03	-6.229827E-03
1.180347E+02	-6.542300E-03	-6.106987E-03
1.185714E+02	-6.502221E-03	-5.987532E-03
1.191105E+02	-6.461703E-03	-5.871338E-03
1.196522E+02	-6.420820E-03	-5.758296E-03
1.201963E+02	-6.379650E-03	-5.648327E-03
1.207429E+02	-6.338243E-03	-5.541314E-03
1.212919E+02	-6.296673E-03	-5.437190E-03
1.218434E+02	-6.254987E-03	-5.335846E-03
1.223975E+02	-6.213231E-03	-5.237189E-03
1.229541E+02	-6.171459E-03	-5.141153E-03
1.235131E+02	-6.129708E-03	-5.047644E-03
1.240748E+02	-6.088017E-03	-4.956572E-03
1.246390E+02	-6.046427E-03	-4.867880E-03
1.252058E+02	-6.004965E-03	-4.781486E-03
1.257751E+02	-5.963658E-03	-4.697303E-03
1.263471E+02	-5.922543E-03	-4.615282E-03
1.269216E+02	-5.881635E-03	-4.535338E-03
1.274988E+02	-5.840967E-03	-4.457423E-03
1.280785E+02	-5.800552E-03	-4.381463E-03
1.286609E+02	-5.760407E-03	-4.307392E-03
1.292460E+02	-5.720556E-03	-4.235162E-03
1.298337E+02	-5.681009E-03	-4.164706E-03
1.304241E+02	-5.641786E-03	-4.095980E-03
1.310172E+02	-5.602893E-03	-4.028924E-03
1.316130E+02	-5.564339E-03	-3.963478E-03
1.322114E+02	-5.526145E-03	-3.899610E-03
1.328126E+02	-5.488312E-03	-3.837262E-03
1.334166E+02	-5.450844E-03	-3.776383E-03
1.340232E+02	-5.413755E-03	-3.716939E-03
1.346327E+02	-5.377047E-03	-3.658877E-03
1.352449E+02	-5.340730E-03	-3.602165E-03
1.358599E+02	-5.304806E-03	-3.546756E-03
1.364777E+02	-5.269271E-03	-3.492608E-03
1.370983E+02	-5.234140E-03	-3.439693E-03
1.377217E+02	-5.199410E-03	-3.387969E-03
1.383480E+02	-5.165078E-03	-3.337395E-03
1.389771E+02	-5.131154E-03	-3.287949E-03
1.396091E+02	-5.097633E-03	-3.239587E-03
1.402439E+02	-5.064521E-03	-3.192287E-03
1.408816E+02	-5.031812E-03	-3.146015E-03
1.415223E+02	-4.999509E-03	-3.100734E-03
1.421658E+02	-4.967611E-03	-3.056427E-03
1.428123E+02	-4.936115E-03	-3.013056E-03
1.434617E+02	-4.905026E-03	-2.970604E-03
1.441140E+02	-4.874337E-03	-2.929040E-03
1.447694E+02	-4.844046E-03	-2.888333E-03
1.454277E+02	-4.814155E-03	-2.848470E-03
1.460889E+02	-4.784661E-03	-2.809423E-03
1.467533E+02	-4.755557E-03	-2.771164E-03
1.474206E+02	-4.726848E-03	-2.733680E-03
1.480910E+02	-4.698526E-03	-2.696940E-03
1.487644E+02	-4.670592E-03	-2.660934E-03
1.494408E+02	-4.643041E-03	-2.625636E-03
1.501204E+02	-4.615871E-03	-2.591023E-03
1.508030E+02	-4.589080E-03	-2.557086E-03
1.514887E+02	-4.562664E-03	-2.523800E-03
1.521776E+02	-4.536618E-03	-2.491148E-03
1.528696E+02	-4.510946E-03	-2.459115E-03
1.535648E+02	-4.485633E-03	-2.427681E-03
1.542631E+02	-4.460689E-03	-2.396836E-03
1.549645E+02	-4.436104E-03	-2.366562E-03
1.556692E+02	-4.411872E-03	-2.336839E-03
1.563771E+02	-4.387997E-03	-2.307660E-03
1.570882E+02	-4.364468E-03	-2.279003E-03
1.578025E+02	-4.341291E-03	-2.250863E-03
1.585201E+02	-4.318455E-03	-2.223222E-03
1.592409E+02	-4.295959E-03	-2.196064E-03
1.599650E+02	-4.273801E-03	-2.169383E-03
1.606924E+02	-4.251978E-03	-2.143164E-03
1.614232E+02	-4.230484E-03	-2.117391E-03
1.621572E+02	-4.209318E-03	-2.092060E-03
1.628945E+02	-4.188478E-03	-2.067157E-03
1.636353E+02	-4.167957E-03	-2.042665E-03
1.643793E+02	-4.147757E-03	-2.018584E-03
1.651269E+02	-4.127868E-03	-1.994895E-03
1.658777E+02	-4.108295E-03	-1.971593E-03
1.666320E+02	-4.089030E-03	-1.948668E-03
1.673898E+02	-4.070069E-03	-1.926107E-03
1.681509E+02	-4.051415E-03	-1.903905E-03
1.689156E+02	-4.033056E-03	-1.882049E-03
1.696837E+02	-4.014998E-03	-1.860535E-03
1.704552E+02	-3.997236E-03	-1.839353E-03
1.712304E+02	-3.979763E-03	-1.818490E-03
1.720090E+02	-3.962579E-03	-1.797945E-03
1.727912E+02	-3.945681E-03	-1.777704E-03
1.735769E+02	-3.929068E-03	-1.757765E-03
1.743662E+02	-3.912735E-03	-1.738118E-03
1.751591E+02	-3.896680E-03	-1.718753E-03
1.759556E+02	-3.880902E-03	-1.699668E-03
1.767557E+02	-3.865397E-03	-1.680854E-03
1.775595E+02	-3.850162E-03	-1.662301E-03
1.783669E+02	-3.835196E-03	-1.644008E-03
1.791779E+02	-3.820498E-03	-1.625965E-03
1.799927E+02	-3.806062E-03	-1.608165E-03
1.808112E+02	-3.791887E-03	-1.590605E-03
1.816334E+02	-3.777971E-03	-1.573276E-03
1.824593E+02	-3.764314E-03	-1.556175E-03
1.832890E+02	-3.750913E-03	-1.539295E-03
1.841225E+02	-3.737763E-03	-1.522628E-03
1.849597E+02	-3.724864E-03	-1.506173E-03
1.858009E+02	-3.712214E-03	-1.489920E-03
1.866457E+02	-3.699812E-03	-1.473868E-03
1.874944E+02	-3.687656E-03	-1.458010E-03
1.883471E+02	-3.675742E-03	-1.442339E-03
1.892035E+02	-3.664071E-03	-1.426853E-03
1.900639E+02	-3.652639E-03	-1.411545E-03
1.909281E+02	-3.641447E-03	-1.396412E-03
1.917963E+02	-3.630491E-03	-1.381449E-03
1.926685E+02	-3.619768E-03	-1.366649E-03
1.935446E+02	-3.609282E-03	-1.352011E-03
1.944247E+02	-3.599026E-03	-1.337529E-03
1.953088E+02	-3.589002E-03	-1.323196E-03
1.961969E+02	-3.579206E-03	-1.309012E-03
1.970890E+02	-3.569638E-03	-1.294972E-03
1.979853E+02	-3.560296E-03	-1.281067E-03
1.988856E+02	-3.551183E-03	-1.267300E-03
1.997900E+02	-3.542289E-03	-1.253660E-03
2.006985E+02	-3.533621E-03	-1.240149E-03
2.016111E+02	-3.525176E-03	-1.226761E-03
2.025279E+02	-3.516950E-03	-1.213489E-03
2.034489E+02	-3.508945E-03	-1.200333E-03
2.043741E+02	-3.501158E-03	-1.187287E-03
2.053034E+02	-3.493591E-03	-1.174349E-03
2.062369E+02	-3.486241E-03	-1.161515E-03
2.071748E+02	-3.479105E-03	-1.148778E-03
2.081168E+02	-3.472188E-03	-1.136139E-03
2.090632E+02	-3.465483E-03	-1.123590E-03
2.100139E+02	-3.458994E-03	-1.111131E-03
2.109688E+02	-3.452720E-03	-1.098757E-03
2.119282E+02	-3.446656E-03	-1.086463E-03
2.128919E+02	-3.440806E-03	-1.074248E-03
2.138599E+02	-3.435170E-03	-1.062107E-03
2.148325E+02	-3.429743E-03	-1.050035E-03
2.158093E+02	-3.424527E-03	-1.038031E-03
2.167906E+02	-3.419524E-03	-1.026091E-03
2.177765E+02	-3.414730E-03	-1.014209E-03
2.187668E+02	-3.410147E-03	-1.002385E-03
2.197616E+02	-3.405775E-03	-9.906120E-04
2.207609E+02	-3.401613E-03	-9.788896E-04
2.217647E+02	-3.397661E-03	-9.672134E-04
2.227732E+02	-3.393918E-03	-9.555772E-04
2.237862E+02	-3.390386E-03	-9.439811E-04
2.248039E+02	-3.387064E-03	-9.324185E-04
2.258261E+02	-3.383952E-03	-9.208881E-04
2.268529E+02	-3.381049E-03	-9.093853E-04
2.278846E+02	-3.378358E-03	-8.979053E-04
2.289208E+02	-3.375878E-03	-8.864468E-04
2.299617E+02	-3.373608E-03	-8.750043E-04
2.310075E+02	-3.371550E-03	-8.635733E-04
2.320579E+02	-3.369704E-03	-8.521529E-04
2.331131E+02	-3.368069E-03	-8.407368E-04
2.341732E+02	-3.366648E-03	-8.293208E-04
2.352380E+02	-3.365439E-03	-8.179031E-04
2.363077E+02	-3.364445E-03	-8.064767E-04
2.373822E+02	-3.363665E-03	-7.950408E-04
2.384616E+02	-3.363100E-03	-7.835901E-04
2.395461E+02	-3.362751E-03	-7.721180E-04
2.406353E+02	-3.362618E-03	-7.606242E-04
2.417296E+02	-3.362703E-03	-7.491005E-04
2.428288E+02	-3.363006E-03	-7.375459E-04
2.439329E+02	-3.363528E-03	-7.259540E-04
2.450423E+02	-3.364270E-03	-7.143194E-04
2.461565E+02	-3.365234E-03	-7.026392E-04
2.472759E+02	-3.366420E-03	-6.909067E-04
2.484003E+02	-3.367828E-03	-6.791194E-04
2.495298E+02	-3.369462E-03	-6.672709E-04
2.506646E+02	-3.371321E-03	-6.553545E-04
2.518043E+02	-3.373407E-03	-6.433681E-04
2.529493E+02	-3.375720E-03	-6.313043E-04
2.540996E+02	-3.378264E-03	-6.191565E-04
2.552550E+02	-3.381037E-03	-6.069219E-04
2.564157E+02	-3.384042E-03	-5.945927E-04
2.575818E+02	-3.387282E-03	-5.821615E-04
2.587530E+02	-3.390758E-03	-5.696260E-04
2.599297E+02	-3.394468E-03	-5.569758E-04
2.611117E+02	-3.398416E-03	-5.442071E-04
2.622990E+02	-3.402605E-03	-5.313128E-04
2.634918E+02	-3.407034E-03	-5.182838E-04
2.646899E+02	-3.411705E-03	-5.051160E-04
2.658936E+02	-3.416621E-03	-4.917985E-04
2.671026E+02	-3.421783E-03	-4.783277E-04
2.683172E+02	-3.427191E-03	-4.646931E-04
2.695374E+02	-3.432849E-03	-4.508854E-04
2.707630E+02	-3.438756E-03	-4.369001E-04
2.719943E+02	-3.444918E-03	-4.227235E-04
2.732311E+02	-3.451333E-03	-4.083521E-04
2.744735E+02	-3.458002E-03	-3.937736E-04
2.757217E+02	-3.464929E-03	-3.789769E-04
2.769754E+02	-3.472113E-03	-3.639551E-04
2.782348E+02	-3.479558E-03	-3.486968E-04
2.795002E+02	-3.487265E-03	-3.331893E-04
2.807711E+02	-3.495234E-03	-3.174250E-04
2.820477E+02	-3.503467E-03	-3.013911E-04
2.833304E+02	-3.511965E-03	-2.850729E-04
2.846187E+02	-3.520730E-03	-2.684629E-04
2.859131E+02	-3.529763E-03	-2.515438E-04
2.872131E+02	-3.539063E-03	-2.343067E-04
2.885191E+02	-3.548632E-03	-2.167351E-04
2.898312E+02	-3.558473E-03	-1.988137E-04
2.911490E+02	-3.568581E-03	-1.805312E-04
2.924731E+02	-3.578962E-03	-1.618682E-04
2.938030E+02	-3.589611E-03	-1.428130E-04
2.951389E+02	-3.600529E-03	-1.233465E-04
2.964811E+02	-3.611720E-03	-1.034495E-04
2.978292E+02	-3.623177E-03	-8.310879E-05
2.991837E+02	-3.634904E-03	-6.230084E-05
3.005440E+02	-3.646893E-03	-4.101218E-05
3.019106E+02	-3.659148E-03	-1.921876E-05
3.032834E+02	-3.671663E-03	3.099200E-06
3.046627E+02	-3.684438E-03	2.596587E-05
3.060480E+02	-3.697467E-03	4.939986E-05
3.074398E+02	-3.710747E-03	7.342757E-05
3.088377E+02	-3.724273E-03	9.806918E-05
3.102420E+02	-3.738039E-03	1.233519E-04
3.116529E+02	-3.752041E-03	1.493057E-04
3.130700E+02	-3.766269E-03	1.759505E-04
3.144937E+02	-3.780716E-03	2.033220E-04
3.159238E+02	-3.795373E-03	2.314406E-04
3.173603E+02	-3.810229E-03	2.603417E-04
3.188035E+02	-3.825275E-03	2.900587E-04
3.202531E+02	-3.840495E-03	3.206179E-04
3.217095E+02	-3.855877E-03	3.520592E-04
3.231724E+02	-3.871405E-03	3.844092E-04
3.246418E+02	-3.887060E-03	4.177084E-04
3.261182E+02	-3.902825E-03	4.519970E-04
3.276011E+02	-3.918676E-03	4.873058E-04
3.290909E+02	-3.934593E-03	5.236806E-04
3.305873E+02	-3.950548E-03	5.611537E-04
3.320905E+02	-3.966512E-03	5.997724E-04
3.336005E+02	-3.982456E-03	6.395756E-04
3.351176E+02	-3.998347E-03	6.806146E-04
3.366414E+02	-4.014145E-03	7.229212E-04
3.381723E+02	-4.029812E-03	7.665529E-04
3.397101E+02	-4.045303E-03	8.115438E-04
3.412547E+02	-4.060569E-03	8.579459E-04
3.428066E+02	-4.075562E-03	9.058110E-04
3.443654E+02	-4.090221E-03	9.551767E-04
3.459314E+02	-4.104488E-03	1.006100E-03
3.475044E+02	-4.118294E-03	1.058617E-03
3.490845E+02	-4.131570E-03	1.112780E-03
3.506720E+02	-4.144239E-03	1.168641E-03
3.522666E+02	-4.156215E-03	1.226234E-03
3.538685E+02	-4.167413E-03	1.285612E-03
3.554776E+02	-4.177732E-03	1.346806E-03
3.570940E+02	-4.187071E-03	1.409859E-03
3.587179E+02	-4.195323E-03	1.474817E-03
3.603490E+02	-4.202365E-03	1.541691E-03
3.619878E+02	-4.208075E-03	1.610529E-03
3.636338E+02	-4.212319E-03	1.681334E-03
3.652872E+02	-4.214956E-03	1.754130E-03
3.669482E+02	-4.215836E-03	1.828928E-03
3.686169E+02	-4.214802E-03	1.905732E-03
3.702931E+02	-4.211689E-03	1.984518E-03
3.719770E+02	-4.206322E-03	2.065286E-03
3.736684E+02	-4.198523E-03	2.147982E-03
3.753675E+02	-4.188104E-03	2.232570E-03
3.770746E+02	-4.174870E-03	2.319002E-03
3.787891E+02	-4.158622E-03	2.407184E-03
3.805117E+02	-4.139155E-03	2.497040E-03
3.822419E+02	-4.116267E-03	2.588438E-03
3.839800E+02	-4.089748E-03	2.681255E-03
3.857262E+02	-4.059385E-03	2.775350E-03
3.874801E+02	-4.024981E-03	2.870522E-03
3.892422E+02	-3.986329E-03	2.966593E-03
3.910122E+02	-3.943240E-03	3.063317E-03
3.927901E+02	-3.895532E-03	3.160452E-03
3.945762E+02	-3.843033E-03	3.257724E-03
3.963705E+02	-3.785582E-03	3.354842E-03
3.981731E+02	-3.723054E-03	3.451469E-03
3.999836E+02	-3.655352E-03	3.547242E-03
4.018024E+02	-3.582380E-03	3.641807E-03
4.036294E+02	-3.504095E-03	3.734767E-03
4.054649E+02	-3.420471E-03	3.825728E-03
4.073086E+02	-3.331549E-03	3.914249E-03
4.091609E+02	-3.237369E-03	3.999920E-03
4.110214E+02	-3.138067E-03	4.082283E-03
4.128903E+02	-3.033782E-03	4.160917E-03
4.147680E+02	-2.924695E-03	4.235405E-03
4.166540E+02	-2.811078E-03	4.305312E-03
4.185488E+02	-2.693197E-03	4.370256E-03
4.204519E+02	-2.571412E-03	4.429850E-03
4.223638E+02	-2.446086E-03	4.483759E-03
4.242845E+02	-2.317615E-03	4.531682E-03
4.262137E+02	-2.186483E-03	4.573338E-03
4.281520E+02	-2.053128E-03	4.608521E-03
4.300988E+02	-1.918089E-03	4.637048E-03
4.311930E+02	-1.841903E-03	4.650075E-03
4.322901E+02	-1.765426E-03	4.660964E-03
4.333898E+02	-1.688779E-03	4.669704E-03
4.344923E+02	-1.612034E-03	4.676297E-03
4.355977E+02	-1.535284E-03	4.680742E-03
4.367060E+02	-1.458606E-03	4.683049E-03
4.378170E+02	-1.382126E-03	4.683229E-03
4.389307E+02	-1.305918E-03	4.681303E-03
4.400475E+02	-1.230049E-03	4.677289E-03
4.411670E+02	-1.154640E-03	4.671220E-03
4.422893E+02	-1.079757E-03	4.663127E-03
4.434144E+02	-1.005482E-03	4.653045E-03
4.445427E+02	-9.318791E-04	4.641013E-03
4.456736E+02	-8.590524E-04	4.627082E-03
4.468073E+02	-7.870554E-04	4.611297E-03
4.479442E+02	-7.159461E-04	4.593708E-03
4.490837E+02	-6.458168E-04	4.574372E-03
4.502261E+02	-5.767131E-04	4.553349E-03
4.513715E+02	-5.086914E-04	4.530695E-03
4.525200E+02	-4.417857E-04	4.506467E-03
4.536711E+02	-3.760789E-04	4.480740E-03
4.548252E+02	-3.115990E-04	4.453574E-03
4.559825E+02	-2.483703E-04	4.425029E-03
4.571425E+02	-1.864589E-04	4.395184E-03
4.583054E+02	-1.258787E-04	4.364101E-03
4.594713E+02	-6.666216E-05	4.331849E-03
4.606404E+02	-8.816409E-06	4.298489E-03
4.618122E+02	4.760921E-05	4.264101E-03
4.629870E+02	1.026184E-04	4.228747E-03
4.641651E+02	1.562020E-04	4.192485E-03
4.653459E+02	2.083327E-04	4.155400E-03
4.665297E+02	2.590158E-04	4.117547E-03
4.677165E+02	3.082489E-04	4.078988E-03
4.689066E+02	3.560396E-04	4.039783E-03
4.700994E+02	4.023773E-04	4.000002E-03
4.712953E+02	4.472736E-04	3.959701E-03
4.724945E+02	4.907473E-04	3.918929E-03
4.736965E+02	5.327908E-04	3.877759E-03
4.749015E+02	5.734296E-04	3.836234E-03
4.761096E+02	6.126744E-04	3.794409E-03
4.773210E+02	6.505526E-04	3.752324E-03
4.785353E+02	6.870675E-04	3.710045E-03
4.797527E+02	7.222475E-04	3.667609E-03
4.809734E+02	7.561187E-04	3.625052E-03
4.821969E+02	7.886922E-04	3.582435E-03
4.834236E+02	8.199975E-04	3.539788E-03
4.846534E+02	8.500630E-04	3.497147E-03
4.858866E+02	8.789178E-04	3.454539E-03
4.871226E+02	9.065752E-04	3.412022E-03
4.883618E+02	9.330699E-04	3.369613E-03
4.896044E+02	9.584347E-04	3.327335E-03
4.908499E+02	9.826856E-04	3.285235E-03
4.920986E+02	1.005858E-03	3.243329E-03
4.933504E+02	1.027979E-03	3.201644E-03
4.946057E+02	1.049080E-03	3.160192E-03
4.958640E+02	1.069183E-03	3.119014E-03
4.971254E+02	1.088319E-03	3.078121E-03
4.983900E+02	1.106517E-03	3.037529E-03
4.996582E+02	1.123809E-03	2.997249E-03
5.009293E+02	1.140214E-03	2.957313E-03
5.022036E+02	1.155763E-03	2.917725E-03
5.034814E+02	1.170489E-03	2.878491E-03
5.047622E+02	1.184409E-03	2.839639E-03
5.060463E+02	1.197555E-03	2.801171E-03
5.073336E+02	1.209953E-03	2.763096E-03
5.086245E+02	1.221628E-03	2.725416E-03
5.099184E+02	1.232603E-03	2.688152E-03
5.112156E+02	1.242903E-03	2.651304E-03
5.125164E+02	1.252555E-03	2.614869E-03
5.138201E+02	1.261578E-03	2.578868E-03
5.151273E+02	1.269998E-03	2.543295E-03
5.164377E+02	1.277836E-03	2.508155E-03
5.177518E+02	1.285117E-03	2.473441E-03
5.190688E+02	1.291856E-03	2.439173E-03
5.203893E+02	1.298078E-03	2.405340E-03
5.217134E+02	1.303802E-03	2.371940E-03
5.230406E+02	1.309049E-03	2.338984E-03
5.243712E+02	1.313835E-03	2.306466E-03
5.257051E+02	1.318180E-03	2.274386E-03
5.270428E+02	1.322102E-03	2.242733E-03
5.283835E+02	1.325619E-03	2.211519E-03
5.297277E+02	1.328747E-03	2.180739E-03
5.310756E+02	1.331502E-03	2.150379E-03
5.324266E+02	1.333899E-03	2.120452E-03
5.337810E+02	1.335957E-03	2.090949E-03
5.351389E+02	1.337685E-03	2.061865E-03
5.365005E+02	1.339102E-03	2.033190E-03
5.378654E+02	1.340220E-03	2.004934E-03
5.392336E+02	1.341053E-03	1.977087E-03
5.406057E+02	1.341613E-03	1.949637E-03
5.419809E+02	1.341912E-03	1.922592E-03
5.433597E+02	1.341964E-03	1.895942E-03
5.447419E+02	1.341779E-03	1.869683E-03
5.461280E+02	1.341368E-03	1.843804E-03
5.475173E+02	1.340744E-03	1.818312E-03
5.489101E+02	1.339914E-03	1.793196E-03
5.503068E+02	1.338891E-03	1.768445E-03
5.517067E+02	1.337682E-03	1.744067E-03
5.531102E+02	1.336299E-03	1.720048E-03
5.545173E+02	1.334750E-03	1.696387E-03
5.559282E+02	1.333042E-03	1.673070E-03
5.573425E+02	1.331186E-03	1.650105E-03
5.587603E+02	1.329188E-03	1.627479E-03
5.601820E+02	1.327056E-03	1.605184E-03
5.616071E+02	1.324798E-03	1.583224E-03
5.630358E+02	1.322420E-03	1.561588E-03
5.644681E+02	1.319932E-03	1.540272E-03
5.659043E+02	1.317336E-03	1.519267E-03
5.673439E+02	1.314642E-03	1.498574E-03
5.687872E+02	1.311854E-03	1.478186E-03
5.702344E+02	1.308979E-03	1.458093E-03
5.716851E+02	1.306022E-03	1.438299E-03
5.731394E+02	1.302989E-03	1.418793E-03
5.745974E+02	1.299885E-03	1.399571E-03
5.760594E+02	1.296714E-03	1.380625E-03
5.775248E+02	1.293482E-03	1.361957E-03
5.789940E+02	1.290194E-03	1.343558E-03
5.804673E+02	1.286852E-03	1.325420E-03
5.819439E+02	1.283464E-03	1.307546E-03
5.834243E+02	1.280032E-03	1.289927E-03
5.849085E+02	1.276559E-03	1.272558E-03
5.863968E+02	1.273049E-03	1.255432E-03
5.878885E+02	1.269507E-03	1.238552E-03
5.893840E+02	1.265936E-03	1.221908E-03
5.908837E+02	1.262338E-03	1.205492E-03
5.923868E+02	1.258718E-03	1.189310E-03
5.938939E+02	1.255079E-03	1.173351E-03
5.954047E+02	1.251423E-03	1.157611E-03
5.969196E+02	1.247753E-03	1.142084E-03
5.984381E+02	1.244072E-03	1.126772E-03
5.999605E+02	1.240382E-03	1.111667E-03
6.014871E+02	1.236685E-03	1.096761E-03
6.030172E+02	1.232985E-03	1.082059E-03
6.045512E+02	1.229284E-03	1.067552E-03
6.060892E+02	1.225583E-03	1.053236E-03
6.076313E+02	1.221884E-03	1.039106E-03
6.091771E+02	1.218191E-03	1.025163E-03
6.107267E+02	1.214504E-03	1.011400E-03
6.122807E+02	1.210826E-03	9.978109E-04
6.138383E+02	1.207158E-03	9.843977E-04
6.153998E+02	1.203501E-03	9.711548E-04
6.169654E+02	1.199858E-03	9.580779E-04
6.185352E+02	1.196230E-03	9.451612E-04
6.201087E+02	1.192620E-03	9.324070E-04
6.216862E+02	1.189027E-03	9.198089E-04
6.232681E+02	1.185452E-03	9.073612E-04
6.248536E+02	1.181899E-03	8.950660E-04
6.264432E+02	1.178368E-03	8.829171E-04
6.280368E+02	1.174858E-03	8.709116E-04
6.296348E+02	1.171374E-03	8.590443E-04
6.312365E+02	1.167914E-03	8.473172E-04
6.328423E+02	1.164481E-03	8.357238E-04
6.344526E+02	1.161074E-03	8.242598E-04
6.360665E+02	1.157696E-03	8.129275E-04
6.376846E+02	1.154347E-03	8.017201E-04
6.393069E+02	1.151027E-03	7.906358E-04
6.409335E+02	1.147737E-03	7.796697E-04
6.425640E+02	1.144479E-03	7.688231E-04
6.441987E+02	1.141254E-03	7.580912E-04
6.458378E+02	1.138061E-03	7.474696E-04
6.474807E+02	1.134901E-03	7.369595E-04
6.491279E+02	1.131776E-03	7.265562E-04
6.507792E+02	1.128684E-03	7.162575E-04
6.524351E+02	1.125629E-03	7.060581E-04
6.540948E+02	1.122609E-03	6.959608E-04
6.557587E+02	1.119624E-03	6.859601E-04
6.574273E+02	1.116676E-03	6.760517E-04
6.590997E+02	1.113765E-03	6.662374E-04
6.607764E+02	1.110893E-03	6.565135E-04
6.624573E+02	1.108058E-03	6.468769E-04
6.641429E+02	1.105261E-03	6.373235E-04
6.658325E+02	1.102503E-03	6.278546E-04
6.675263E+02	1.099783E-03	6.184662E-04
6.692248E+02	1.097102E-03	6.091545E-04
6.709272E+02	1.094462E-03	5.999206E-04
6.726340E+02	1.091861E-03	5.907612E-04
6.743451E+02	1.089300E-03	5.816738E-04
6.760610E+02	1.086779E-03	5.726536E-04
6.777808E+02	1.084298E-03	5.637030E-04
6.795050E+02	1.081858E-03	5.548180E-04
6.812339E+02	1.079458E-03	5.459950E-04
6.829670E+02	1.077100E-03	5.372351E-04
6.847043E+02	1.074782E-03	5.285343E-04
6.864462E+02	1.072505E-03	5.198914E-04
6.881928E+02	1.070270E-03	5.113014E-04
6.899435E+02	1.068075E-03	5.027665E-04
6.916987E+02	1.065922E-03	4.942837E-04
6.934587E+02	1.063810E-03	4.858482E-04
6.952228E+02	1.061740E-03	4.774616E-04
6.969913E+02	1.059711E-03	4.691212E-04
6.987644E+02	1.057722E-03	4.608241E-04
7.005424E+02	1.055775E-03	4.525667E-04
7.023245E+02	1.053871E-03	4.443513E-04
7.041111E+02	1.052006E-03	4.361739E-04
7.059028E+02	1.050182E-03	4.280308E-04
7.076985E+02	1.048400E-03	4.199233E-04
7.094988E+02	1.046659E-03	4.118487E-04
7.113037E+02	1.044958E-03	4.038042E-04
7.131136E+02	1.043298E-03	3.957867E-04
7.149277E+02	1.041679E-03	3.877979E-04
7.167464E+02	1.040100E-03	3.798336E-04
7.185701E+02	1.038560E-03	3.718913E-04
7.203981E+02	1.037060E-03	3.639717E-04
7.222307E+02	1.035601E-03	3.560713E-04
7.240680E+02	1.034181E-03	3.481889E-04
7.259103E+02	1.032800E-03	3.403208E-04
7.277570E+02	1.031459E-03	3.324680E-04
7.296083E+02	1.030154E-03	3.246277E-04
7.314648E+02	1.028889E-03	3.167958E-04
7.333256E+02	1.027662E-03	3.089745E-04
7.351911E+02	1.026472E-03	3.011595E-04
7.370613E+02	1.025320E-03	2.933501E-04
7.389368E+02	1.024204E-03	2.855416E-04
7.408166E+02	1.023125E-03	2.777363E-04
7.427011E+02	1.022082E-03	2.699304E-04
7.445909E+02	1.021074E-03	2.621204E-04
7.464850E+02	1.020101E-03	2.543080E-04
7.483840E+02	1.019163E-03	2.464896E-04
7.502879E+02	1.018259E-03	2.386629E-04
7.521970E+02	1.017388E-03	2.308254E-04
7.541105E+02	1.016550E-03	2.229778E-04
7.560289E+02	1.015745E-03	2.151168E-04
7.579525E+02	1.014970E-03	2.072387E-04
7.598807E+02	1.014227E-03	1.993452E-04
7.618138E+02	1.013515E-03	1.914328E-04
7.637518E+02	1.012831E-03	1.834993E-04
7.656951E+02	1.012177E-03	1.755417E-04
7.676429E+02	1.011551E-03	1.675605E-04
7.695958E+02	1.010950E-03	1.595532E-04
7.715540E+02	1.010378E-03	1.515155E-04
7.735167E+02	1.009829E-03	1.434491E-04
7.754844E+02	1.009306E-03	1.353505E-04
7.774572E+02	1.008806E-03	1.272177E-04
7.794354E+02	1.008328E-03	1.190466E-04
7.814182E+02	1.007871E-03	1.108396E-04
7.834061E+02	1.007435E-03	1.025921E-04
7.853994E+02	1.007018E-03	9.430104E-05
7.873974E+02	1.006619E-03	8.596753E-05
7.894005E+02	1.006235E-03	7.758819E-05
7.914086E+02	1.005868E-03	6.916054E-05
7.934224E+02	1.005514E-03	6.068137E-05
7.954407E+02	1.005173E-03	5.215197E-05
7.974642E+02	1.004842E-03	4.356890E-05
7.994933E+02	1.004522E-03	3.492774E-05
8.015272E+02	1.004209E-03	2.623079E-05
8.035662E+02	1.003902E-03	1.747371E-05
8.056104E+02	1.003599E-03	8.654548E-06
8.076603E+02	1.003300E-03	-2.299785E-07
8.097148E+02	1.003001E-03	-9.178650E-06
8.117747E+02	1.002701E-03	-1.819589E-05
8.138402E+02	1.002398E-03	-2.728403E-05
8.159106E+02	1.002091E-03	-3.644283E-05
8.179861E+02	1.001775E-03	-4.567500E-05
8.200670E+02	1.001450E-03	-5.498345E-05
8.221537E+02	1.001113E-03	-6.437156E-05
8.242451E+02	1.000761E-03	-7.383703E-05
8.263419E+02	1.000394E-03	-8.338463E-05
8.284445E+02	1.000007E-03	-9.301782E-05
8.305520E+02	9.995971E-04	-1.027343E-04
8.326649E+02	9.991629E-04	-1.125382E-04
8.347831E+02	9.987005E-04	-1.224313E-04
8.369072E+02	9.982076E-04	-1.324174E-04
8.390361E+02	9.976814E-04	-1.424940E-04
8.411706E+02	9.971170E-04	-1.526652E-04
8.433104E+02	9.965139E-04	-1.629323E-04
8.454562E+02	9.958661E-04	-1.732997E-04
8.476070E+02	9.951709E-04	-1.837642E-04
8.497632E+02	9.944263E-04	-1.943295E-04
8.519254E+02	9.936264E-04	-2.049997E-04
8.540926E+02	9.927677E-04	-2.157713E-04
8.562653E+02	9.918471E-04	-2.266479E-04
8.584436E+02	9.908602E-04	-2.376311E-04
8.606279E+02	9.898010E-04	-2.487242E-04
8.628172E+02	9.886683E-04	-2.599236E-04
8.650121E+02	9.874557E-04	-2.712327E-04
8.672131E+02	9.861584E-04	-2.826547E-04
8.694193E+02	9.847722E-04	-2.941860E-04
8.716310E+02	9.832929E-04	-3.058290E-04
8.738483E+02	9.817146E-04	-3.175846E-04
8.760718E+02	9.800324E-04	-3.294553E-04
8.783004E+02	9.782410E-04	-3.414369E-04
8.805347E+02	9.763355E-04	-3.535320E-04
8.827747E+02	9.743090E-04	-3.657399E-04
8.850209E+02	9.721564E-04	-3.780639E-04
8.872723E+02	9.698731E-04	-3.904976E-04
8.895295E+02	9.674527E-04	-4.030435E-04
8.917928E+02	9.648881E-04	-4.157032E-04
8.940615E+02	9.621755E-04	-4.284706E-04
8.963359E+02	9.593056E-04	-4.413467E-04
8.986161E+02	9.562756E-04	-4.543301E-04
9.009026E+02	9.530757E-04	-4.674226E-04
9.031944E+02	9.497018E-04	-4.806158E-04
9.054920E+02	9.461464E-04	-4.939100E-04
9.077960E+02	9.424031E-04	-5.073071E-04
9.101053E+02	9.384653E-04	-5.207974E-04
9.124206E+02	9.343260E-04	-5.343807E-04
9.147417E+02	9.299784E-04	-5.480538E-04
9.170692E+02	9.254155E-04	-5.618164E-04
9.194022E+02	9.206302E-04	-5.756575E-04
9.217410E+02	9.156187E-04	-5.895762E-04
9.240863E+02	9.103694E-04	-6.035706E-04
9.264371E+02	9.048779E-04	-6.176305E-04
9.287939E+02	8.991379E-04	-6.317518E-04
9.311567E+02	8.931420E-04	-6.459302E-04
9.335259E+02	8.868832E-04	-6.601615E-04
9.359008E+02	8.803558E-04	-6.744337E-04
9.382816E+02	8.735536E-04	-6.887416E-04
9.406690E+02	8.664685E-04	-7.030827E-04
9.430620E+02	8.590972E-04	-7.174411E-04
9.454611E+02	8.514332E-04	-7.318137E-04
9.478662E+02	8.434692E-04	-7.461898E-04
9.502780E+02	8.352011E-04	-7.605643E-04
9.526954E+02	8.266237E-04	-7.749221E-04
9.551190E+02	8.177322E-04	-7.892558E-04
9.575493E+02	8.085207E-04	-8.035586E-04
9.599852E+02	7.989880E-04	-8.178135E-04
9.624272E+02	7.891292E-04	-8.320127E-04
9.648756E+02	7.789396E-04	-8.461451E-04
9.673307E+02	7.684156E-04	-8.602020E-04
9.697915E+02	7.575586E-04	-8.741650E-04
9.722585E+02	7.463652E-04	-8.880247E-04
9.747324E+02	7.348306E-04	-9.017723E-04
9.772120E+02	7.229602E-04	-9.153876E-04
9.796979E+02	7.107499E-04	-9.288623E-04
9.821902E+02	6.982001E-04	-9.421822E-04
9.846893E+02	6.853099E-04	-9.553354E-04
9.871943E+02	6.720862E-04	-9.683052E-04
9.897056E+02	6.585281E-04	-9.810785E-04
9.922239E+02	6.446354E-04	-9.936457E-04
9.947480E+02	6.304196E-04	-1.005986E-03
9.972786E+02	6.158798E-04	-1.018090E-03
9.998156E+02	6.010227E-04	-1.029943E-03
1.002360E+03	5.858496E-04	-1.041534E-03
1.004909E+03	5.703746E-04	-1.052845E-03
1.007466E+03	5.546018E-04	-1.063864E-03
1.010029E+03	5.385345E-04	-1.074580E-03
1.012599E+03	5.221897E-04	-1.084978E-03
1.015175E+03	5.055725E-04	-1.095045E-03
1.017757E+03	4.886930E-04	-1.104771E-03
1.020347E+03	4.715585E-04	-1.114145E-03
1.022943E+03	4.541890E-04	-1.123152E-03
1.025545E+03	4.365905E-04	-1.131783E-03
1.028154E+03	4.187740E-04	-1.140030E-03
1.030770E+03	4.007604E-04	-1.147880E-03
1.033392E+03	3.825571E-04	-1.155327E-03
1.036021E+03	3.641819E-04	-1.162359E-03
1.038657E+03	3.456438E-04	-1.168973E-03
1.041299E+03	3.269664E-04	-1.175159E-03
1.043948E+03	3.081606E-04	-1.180911E-03
1.046604E+03	2.892379E-04	-1.186227E-03
1.049267E+03	2.702244E-04	-1.191097E-03
1.050336E+03	2.625798E-04	-1.192925E-03
1.051406E+03	2.549267E-04	-1.194679E-03
1.052477E+03	2.472607E-04	-1.196362E-03
1.053549E+03	2.395839E-04	-1.197973E-03
1.054622E+03	2.319036E-04	-1.199510E-03
1.055696E+03	2.242112E-04	-1.200976E-03
1.056771E+03	2.165170E-04	-1.202368E-03
1.057848E+03	2.088124E-04	-1.203689E-03
1.058926E+03	2.011037E-04	-1.204936E-03
1.060004E+03	1.933966E-04	-1.206111E-03
1.061084E+03	1.856841E-04	-1.207213E-03
1.062166E+03	1.779682E-04	-1.208242E-03
1.063247E+03	1.702594E-04	-1.209198E-03
1.064330E+03	1.625449E-04	-1.210082E-03
1.065415E+03	1.548350E-04	-1.210894E-03
1.066500E+03	1.471324E-04	-1.211632E-03
1.067586E+03	1.394281E-04	-1.212299E-03
1.068674E+03	1.317358E-04	-1.212893E-03
1.069762E+03	1.240433E-04	-1.213415E-03
1.070852E+03	1.163607E-04	-1.213865E-03
1.071943E+03	1.086892E-04	-1.214244E-03
1.073035E+03	1.010240E-04	-1.214552E-03
1.074128E+03	9.336925E-05	-1.214788E-03
1.075222E+03	8.572901E-05	-1.214953E-03
1.076318E+03	7.809920E-05	-1.215048E-03
1.077414E+03	7.048335E-05	-1.215073E-03
1.078511E+03	6.288428E-05	-1.215027E-03
1.079610E+03	5.529867E-05	-1.214912E-03
1.080710E+03	4.772941E-05	-1.214728E-03
1.081811E+03	4.018054E-05	-1.214475E-03
1.082913E+03	3.264697E-05	-1.214153E-03
1.084016E+03	2.513782E-05	-1.213763E-03
1.085120E+03	1.764398E-05	-1.213306E-03
1.086226E+03	1.017137E-05	-1.212782E-03
1.087332E+03	2.725137E-06	-1.212191E-03
1.088440E+03	-4.700560E-06	-1.211534E-03
1.089549E+03	-1.210379E-05	-1.210811E-03
1.090658E+03	-1.947771E-05	-1.210023E-03
1.091770E+03	-2.682945E-05	-1.209170E-03
1.092882E+03	-3.415567E-05	-1.208253E-03
1.093995E+03	-4.144857E-05	-1.207273E-03
1.095109E+03	-4.871769E-05	-1.206230E-03
1.096225E+03	-5.595444E-05	-1.205125E-03
1.097342E+03	-6.316506E-05	-1.203957E-03
1.098460E+03	-7.034451E-05	-1.202728E-03
1.099578E+03	-7.748912E-05	-1.201440E-03
1.100699E+03	-8.460617E-05	-1.200091E-03
1.101820E+03	-9.168815E-05	-1.198683E-03
1.102942E+03	-9.873460E-05	-1.197216E-03
1.104066E+03	-1.057486E-04	-1.195692E-03
1.105191E+03	-1.127298E-04	-1.194110E-03
1.106316E+03	-1.196704E-04	-1.192472E-03
1.107443E+03	-1.265782E-04	-1.190778E-03
1.108571E+03	-1.334469E-04	-1.189029E-03
1.109701E+03	-1.402795E-04	-1.187226E-03
1.110831E+03	-1.470759E-04	-1.185368E-03
1.111962E+03	-1.538286E-04	-1.183459E-03
1.113095E+03	-1.605463E-04	-1.181496E-03
1.114229E+03	-1.672234E-04	-1.179482E-03
1.115364E+03	-1.738575E-04	-1.177419E-03
1.116501E+03	-1.804539E-04	-1.175304E-03
1.117638E+03	-1.870083E-04	-1.173140E-03
1.118776E+03	-1.935183E-04	-1.170929E-03
1.119916E+03	-1.999880E-04	-1.168669E-03
1.121057E+03	-2.064130E-04	-1.166363E-03
1.122199E+03	-2.127977E-04	-1.164011E-03
1.123342E+03	-2.191379E-04	-1.161613E-03
1.124486E+03	-2.254321E-04	-1.159171E-03
1.125632E+03	-2.316851E-04	-1.156685E-03
1.126779E+03	-2.378921E-04	-1.154155E-03
1.127926E+03	-2.440526E-04	-1.151585E-03
1.129075E+03	-2.501685E-04	-1.148972E-03
1.130226E+03	-2.562403E-04	-1.146319E-03
1.131377E+03	-2.622624E-04	-1.143627E-03
1.132529E+03	-2.682424E-04	-1.140895E-03
1.133683E+03	-2.741712E-04	-1.138126E-03
1.134838E+03	-2.800559E-04	-1.135318E-03
1.135994E+03	-2.858944E-04	-1.132474E-03
1.137151E+03	-2.916820E-04	-1.129595E-03
1.138309E+03	-2.974254E-04	-1.126680E-03
1.139469E+03	-3.031216E-04	-1.123731E-03
1.140630E+03	-3.087659E-04	-1.120750E-03
1.141792E+03	-3.143658E-04	-1.117734E-03
1.142955E+03	-3.199174E-04	-1.114687E-03
1.144119E+03	-3.254178E-04	-1.111610E-03
1.145285E+03	-3.308717E-04	-1.108501E-03
1.146452E+03	-3.362788E-04	-1.105362E-03
1.147619E+03	-3.416328E-04	-1.102197E-03
1.148788E+03	-3.469413E-04	-1.099002E-03
1.149958E+03	-3.521986E-04	-1.095781E-03
1.151130E+03	-3.574094E-04	-1.092532E-03
1.152303E+03	-3.625721E-04	-1.089257E-03
1.153476E+03	-3.676825E-04	-1.085959E-03
1.154651E+03	-3.727468E-04	-1.082634E-03
1.155828E+03	-3.777629E-04	-1.079286E-03
1.157005E+03	-3.827264E-04	-1.075918E-03
1.158184E+03	-3.876433E-04	-1.072524E-03
1.159364E+03	-3.925123E-04	-1.069110E-03
1.160544E+03	-3.973285E-04	-1.065677E-03
1.161727E+03	-4.021007E-04	-1.062222E-03
1.162910E+03	-4.068202E-04	-1.058750E-03
1.164095E+03	-4.114942E-04	-1.055256E-03
1.165281E+03	-4.161195E-04	-1.051745E-03
1.166467E+03	-4.206940E-04	-1.048219E-03
1.167656E+03	-4.252223E-04	-1.044674E-03
1.168846E+03	-4.297023E-04	-1.041113E-03
1.170036E+03	-4.341327E-04	-1.037539E-03
1.171228E+03	-4.385157E-04	-1.033948E-03
1.172421E+03	-4.428527E-04	-1.030343E-03
1.173615E+03	-4.471389E-04	-1.026726E-03
1.174811E+03	-4.513802E-04	-1.023096E-03
1.176007E+03	-4.555724E-04	-1.019454E-03
1.177205E+03	-4.597191E-04	-1.015799E-03
1.178405E+03	-4.638192E-04	-1.012133E-03
1.179605E+03	-4.678699E-04	-1.008459E-03
1.180807E+03	-4.718764E-04	-1.004773E-03
1.182010E+03	-4.758374E-04	-1.001077E-03
1.183214E+03	-4.797489E-04	-9.973758E-04
1.184419E+03	-4.836171E-04	-9.936637E-04
1.185626E+03	-4.874396E-04	-9.899441E-04
1.186833E+03	-4.912142E-04	-9.862193E-04
1.188042E+03	-4.949460E-04	-9.824863E-04
1.189252E+03	-4.986307E-04	-9.787490E-04
1.190464E+03	-5.022726E-04	-9.750045E-04
1.191677E+03	-5.058704E-04	-9.712553E-04
1.192890E+03	-5.094217E-04	-9.675036E-04
1.194106E+03	-5.129308E-04	-9.637454E-04
1.195323E+03	-5.163967E-04	-9.599840E-04
1.196540E+03	-5.198165E-04	-9.562221E-04
1.197759E+03	-5.231956E-04	-9.524552E-04
1.198979E+03	-5.265322E-04	-9.486859E-04
1.200200E+03	-5.298243E-04	-9.449174E-04
1.201423E+03	-5.330746E-04	-9.411462E-04
1.202647E+03	-5.362841E-04	-9.373738E-04
1.203872E+03	-5.394499E-04	-9.336027E-04
1.205098E+03	-5.425761E-04	-9.298301E-04
1.206326E+03	-5.456596E-04	-9.260601E-04
1.207555E+03	-5.487041E-04	-9.222887E-04
1.208785E+03	-5.517079E-04	-9.185190E-04
1.210016E+03	-5.546687E-04	-9.147529E-04
1.211249E+03	-5.575922E-04	-9.109867E-04
1.212483E+03	-5.604764E-04	-9.072231E-04
1.213718E+03	-5.633195E-04	-9.034640E-04
1.214954E+03	-5.661251E-04	-8.997065E-04
1.216192E+03	-5.688925E-04	-8.959525E-04
1.217431E+03	-5.716190E-04	-8.922044E-04
1.218671E+03	-5.743108E-04	-8.884578E-04
1.219912E+03	-5.769620E-04	-8.847185E-04
1.221155E+03	-5.795775E-04	-8.809817E-04
1.222399E+03	-5.821559E-04	-8.772500E-04
1.223644E+03	-5.846969E-04	-8.735258E-04
1.224891E+03	-5.872028E-04	-8.698053E-04
1.226139E+03	-5.896708E-04	-8.660912E-04
1.227387E+03	-5.921029E-04	-8.623848E-04
1.228638E+03	-5.945015E-04	-8.586836E-04
1.229890E+03	-5.968647E-04	-8.549888E-04
1.231142E+03	-5.991922E-04	-8.513035E-04
1.232396E+03	-6.014862E-04	-8.476235E-04
1.233651E+03	-6.037453E-04	-8.439527E-04
1.234908E+03	-6.059708E-04	-8.402882E-04
1.236167E+03	-6.081635E-04	-8.366318E-04
1.237425E+03	-6.103222E-04	-8.329856E-04
1.238686E+03	-6.124493E-04	-8.293461E-04
1.239948E+03	-6.145425E-04	-8.257157E-04
1.241211E+03	-6.166036E-04	-8.220959E-04
1.242476E+03	-6.186340E-04	-8.184833E-04
1.243742E+03	-6.206334E-04	-8.148800E-04
1.245008E+03	-6.225992E-04	-8.112886E-04
1.246277E+03	-6.245359E-04	-8.077049E-04
1.247546E+03	-6.264414E-04	-8.041335E-04
1.248817E+03	-6.283175E-04	-8.005699E-04
1.250089E+03	-6.301630E-04	-7.970164E-04
1.251362E+03	-6.319784E-04	-7.934759E-04
1.252637E+03	-6.337656E-04	-7.899438E-04
1.253913E+03	-6.355235E-04	-7.864228E-04
1.255190E+03	-6.372522E-04	-7.829145E-04
1.256469E+03	-6.389531E-04	-7.794154E-04
1.257749E+03	-6.406262E-04	-7.759276E-04
1.259030E+03	-6.422701E-04	-7.724534E-04
1.260313E+03	-6.438880E-04	-7.689884E-04
1.261597E+03	-6.454785E-04	-7.655355E-04
1.262882E+03	-6.470421E-04	-7.620957E-04
1.264169E+03	-6.485797E-04	-7.586662E-04
1.265456E+03	-6.500892E-04	-7.552509E-04
1.266745E+03	-6.515752E-04	-7.518454E-04
1.268036E+03	-6.530346E-04	-7.484526E-04
1.269327E+03	-6.544675E-04	-7.450737E-04
1.270620E+03	-6.558774E-04	-7.417057E-04
1.271915E+03	-6.572612E-04	-7.383499E-04
1.273210E+03	-6.586213E-04	-7.350089E-04
1.274507E+03	-6.599561E-04	-7.316784E-04
1.275806E+03	-6.612684E-04	-7.283609E-04
1.277105E+03	-6.625562E-04	-7.250580E-04
1.278406E+03	-6.638208E-04	-7.217661E-04
1.279708E+03	-6.650622E-04	-7.184895E-04
1.281012E+03	-6.662812E-04	-7.152242E-04
1.282317E+03	-6.674778E-04	-7.119715E-04
1.283623E+03	-6.686515E-04	-7.087340E-04
1.284931E+03	-6.698041E-04	-7.055082E-04
1.286240E+03	-6.709343E-04	-7.022956E-04
1.287550E+03	-6.720428E-04	-6.990980E-04
1.288862E+03	-6.731313E-04	-6.959127E-04
1.290175E+03	-6.741979E-04	-6.927403E-04
1.291489E+03	-6.752444E-04	-6.895833E-04
1.292805E+03	-6.762698E-04	-6.864381E-04
1.294121E+03	-6.772759E-04	-6.833083E-04
1.295440E+03	-6.782611E-04	-6.801904E-04
1.296760E+03	-6.792280E-04	-6.770859E-04
1.298080E+03	-6.801735E-04	-6.739970E-04
1.299403E+03	-6.811014E-04	-6.709201E-04
1.300727E+03	-6.820110E-04	-6.678570E-04
1.302051E+03	-6.829004E-04	-6.648091E-04
1.303378E+03	-6.837723E-04	-6.617735E-04
1.304706E+03	-6.846256E-04	-6.587518E-04
1.306034E+03	-6.854603E-04	-6.557454E-04
1.307365E+03	-6.862779E-04	-6.527510E-04
1.308697E+03	-6.870792E-04	-6.497722E-04
1.310030E+03	-6.878615E-04	-6.468057E-04
1.311365E+03	-6.886275E-04	-6.438531E-04
1.312700E+03	-6.893763E-04	-6.409156E-04
1.314037E+03	-6.901083E-04	-6.379911E-04
1.315376E+03	-6.908259E-04	-6.350795E-04
1.316716E+03	-6.915252E-04	-6.321837E-04
1.318057E+03	-6.922088E-04	-6.293007E-04
1.319400E+03	-6.928773E-04	-6.264311E-04
1.320744E+03	-6.935301E-04	-6.235766E-04
1.322090E+03	-6.941679E-04	-6.207343E-04
1.323437E+03	-6.947900E-04	-6.179063E-04
1.324784E+03	-6.953967E-04	-6.150933E-04
1.326134E+03	-6.959899E-04	-6.122925E-04
1.327484E+03	-6.965675E-04	-6.095072E-04
1.328837E+03	-6.971321E-04	-6.067341E-04
1.330191E+03	-6.976817E-04	-6.039743E-04
1.331546E+03	-6.982175E-04	-6.012300E-04
1.332902E+03	-6.987398E-04	-5.984980E-04
1.334260E+03	-6.992480E-04	-5.957797E-04
1.335619E+03	-6.997426E-04	-5.930759E-04
1.336980E+03	-7.002242E-04	-5.903848E-04
1.338342E+03	-7.006940E-04	-5.877070E-04
1.339705E+03	-7.011495E-04	-5.850445E-04
1.341070E+03	-7.015933E-04	-5.823936E-04
1.342436E+03	-7.020244E-04	-5.797581E-04
1.343803E+03	-7.024428E-04	-5.771344E-04
1.345172E+03	-7.028495E-04	-5.745242E-04
1.346542E+03	-7.032434E-04	-5.719285E-04
1.347914E+03	-7.036261E-04	-5.693450E-04
1.349288E+03	-7.039974E-04	-5.667748E-04
1.350662E+03	-7.043571E-04	-5.642194E-04
1.352038E+03	-7.047054E-04	-5.616753E-04
1.353415E+03	-7.050434E-04	-5.591448E-04
1.354794E+03	-7.053692E-04	-5.566289E-04
1.356174E+03	-7.056846E-04	-5.541244E-04
1.357555E+03	-7.059896E-04	-5.516347E-04
1.358938E+03	-7.062838E-04	-5.491567E-04
1.360323E+03	-7.065675E-04	-5.466914E-04
1.361708E+03	-7.068403E-04	-5.442403E-04
1.363095E+03	-7.071050E-04	-5.418010E-04
1.364484E+03	-7.073585E-04	-5.393747E-04
1.365874E+03	-7.076020E-04	-5.369625E-04
1.367265E+03	-7.078368E-04	-5.345615E-04
1.368658E+03	-7.080613E-04	-5.321733E-04
1.370052E+03	-7.082766E-04	-5.297993E-04
1.371448E+03	-7.084828E-04	-5.274364E-04
1.372845E+03	-7.086791E-04	-5.250874E-04
1.374243E+03	-7.088687E-04	-5.227498E-04
1.375644E+03	-7.090475E-04	-5.204245E-04
1.377044E+03	-7.092184E-04	-5.181130E-04
1.378448E+03	-7.093807E-04	-5.158127E-04
1.379852E+03	-7.095341E-04	-5.135246E-04
1.381257E+03	-7.096798E-04	-5.112500E-04
1.382664E+03	-7.098160E-04	-5.089863E-04
1.384073E+03	-7.099464E-04	-5.067349E-04
1.385483E+03	-7.100666E-04	-5.044970E-04
1.386894E+03	-7.101798E-04	-5.022697E-04
1.388307E+03	-7.102857E-04	-5.000546E-04
1.389721E+03	-7.103841E-04	-4.978528E-04
1.391137E+03	-7.104744E-04	-4.956613E-04
1.392554E+03	-7.105578E-04	-4.934833E-04
1.393973E+03	-7.106341E-04	-4.913157E-04
1.395393E+03	-7.107035E-04	-4.891600E-04
1.396814E+03	-7.107654E-04	-4.870172E-04
1.398237E+03	-7.108198E-04	-4.848846E-04
1.399661E+03	-7.108687E-04	-4.827638E-04
1.401087E+03	-7.109094E-04	-4.806556E-04
1.402514E+03	-7.109452E-04	-4.785580E-04
1.403943E+03	-7.109735E-04	-4.764727E-04
1.405373E+03	-7.109957E-04	-4.743976E-04
1.406805E+03	-7.110110E-04	-4.723339E-04
1.408238E+03	-7.110208E-04	-4.702827E-04
1.409672E+03	-7.110247E-04	-4.682415E-04
1.411109E+03	-7.110219E-04	-4.662115E-04
1.412546E+03	-7.110130E-04	-4.641938E-04
1.413985E+03	-7.109987E-04	-4.621858E-04
1.415426E+03	-7.109786E-04	-4.601891E-04
1.416867E+03	-7.109528E-04	-4.582043E-04
1.418310E+03	-7.109219E-04	-4.562293E-04
1.419755E+03	-7.108855E-04	-4.542652E-04
1.421201E+03	-7.108433E-04	-4.523128E-04
1.422649E+03	-7.107961E-04	-4.503701E-04
1.424098E+03	-7.107433E-04	-4.484390E-04
1.425549E+03	-7.106860E-04	-4.465176E-04
1.427001E+03	-7.106232E-04	-4.446067E-04
1.428455E+03	-7.105554E-04	-4.427076E-04
1.429910E+03	-7.104835E-04	-4.408176E-04
1.431367E+03	-7.104062E-04	-4.389380E-04
1.432825E+03	-7.103239E-04	-4.370698E-04
1.434284E+03	-7.102379E-04	-4.352109E-04
1.435746E+03	-7.101465E-04	-4.333622E-04
1.437208E+03	-7.100510E-04	-4.315245E-04
1.438672E+03	-7.099512E-04	-4.296963E-04
1.440137E+03	-7.098471E-04	-4.278788E-04
1.441604E+03	-7.097382E-04	-4.260705E-04
1.443073E+03	-7.096260E-04	-4.242720E-04
1.444543E+03	-7.095083E-04	-4.224844E-04
1.446015E+03	-7.093880E-04	-4.207058E-04
1.447488E+03	-7.092627E-04	-4.189367E-04
1.448962E+03	-7.091343E-04	-4.171785E-04
1.450438E+03	-7.090023E-04	-4.154291E-04
1.451916E+03	-7.088655E-04	-4.136892E-04
1.453395E+03	-7.087258E-04	-4.119598E-04
1.454875E+03	-7.085818E-04	-4.102390E-04
1.456358E+03	-7.084346E-04	-4.085277E-04
1.457841E+03	-7.082829E-04	-4.068268E-04
1.459326E+03	-7.081294E-04	-4.051342E-04
1.460812E+03	-7.079714E-04	-4.034517E-04
1.462301E+03	-7.078105E-04	-4.017777E-04
1.463791E+03	-7.076458E-04	-4.001130E-04
1.465281E+03	-7.074790E-04	-3.984583E-04
1.466774E+03	-7.073087E-04	-3.968114E-04
1.468269E+03	-7.071344E-04	-3.951741E-04
1.469764E+03	-7.069569E-04	-3.935462E-04
1.471261E+03	-7.067773E-04	-3.919268E-04
1.472760E+03	-7.065951E-04	-3.903167E-04
1.474260E+03	-7.064090E-04	-3.887150E-04
1.475762E+03	-7.062199E-04	-3.871217E-04
1.477265E+03	-7.060291E-04	-3.855382E-04
1.478770E+03	-7.058347E-04	-3.839625E-04
1.480277E+03	-7.056389E-04	-3.823953E-04
1.481784E+03	-7.054401E-04	-3.808376E-04
1.483294E+03	-7.052369E-04	-3.792877E-04
1.484805E+03	-7.050330E-04	-3.777462E-04
1.486317E+03	-7.048264E-04	-3.762139E-04
1.487832E+03	-7.046169E-04	-3.746893E-04
1.489348E+03	-7.044052E-04	-3.731728E-04
1.490864E+03	-7.041917E-04	-3.716655E-04
1.492383E+03	-7.039748E-04	-3.701657E-04
1.493903E+03	-7.037568E-04	-3.686748E-04
1.495425E+03	-7.035353E-04	-3.671912E-04
1.496949E+03	-7.033129E-04	-3.657158E-04
1.498473E+03	-7.030873E-04	-3.642492E-04
1.500000E+03	-7.028595E-04	-3.627894E-04
