0.000000E+00	0.000000E+00	0.000000E+00
8.662494E-01	-1.157081E-06	4.229398E-09
1.732499E+00	-4.629369E-06	3.385328E-08
2.598748E+00	-1.042000E-05	1.143567E-07
3.464998E+00	-1.853420E-05	2.714063E-07
4.331247E+00	-2.897930E-05	5.309423E-07
5.197496E+00	-4.176478E-05	9.192722E-07
6.063745E+00	-5.690221E-05	1.463166E-06
6.929995E+00	-7.440537E-05	2.189954E-06
7.796245E+00	-9.429019E-05	3.127629E-06
8.662494E+00	-1.165748E-04	4.304947E-06
9.528743E+00	-1.412796E-04	5.751543E-06
1.039499E+01	-1.684274E-04	7.498039E-06
1.126124E+01	-1.980432E-04	9.576161E-06
1.212749E+01	-2.301543E-04	1.201887E-05
1.299374E+01	-2.647907E-04	1.486050E-05
1.385999E+01	-3.019846E-04	1.813688E-05
1.472624E+01	-3.417709E-04	2.188548E-05
1.559249E+01	-3.841872E-04	2.614562E-05
1.645874E+01	-4.292735E-04	3.095856E-05
1.732499E+01	-4.770729E-04	3.636773E-05
1.819124E+01	-5.276311E-04	4.241893E-05
1.905749E+01	-5.809967E-04	4.916050E-05
1.992374E+01	-6.372218E-04	5.664360E-05
2.078999E+01	-6.963606E-04	6.492236E-05
2.165623E+01	-7.584716E-04	7.405424E-05
2.252248E+01	-8.236155E-04	8.410018E-05
2.338873E+01	-8.918577E-04	9.512513E-05
2.425498E+01	-9.632657E-04	1.071981E-04
2.512123E+01	-1.037912E-03	1.203927E-04
2.598748E+01	-1.115871E-03	1.347874E-04
2.685373E+01	-1.197224E-03	1.504662E-04
2.771998E+01	-1.282052E-03	1.675187E-04
2.858623E+01	-1.370443E-03	1.860409E-04
2.945248E+01	-1.462490E-03	2.061356E-04
3.031873E+01	-1.558288E-03	2.279131E-04
3.118498E+01	-1.657937E-03	2.514918E-04
3.205123E+01	-1.761541E-03	2.769985E-04
3.291748E+01	-1.869211E-03	3.045700E-04
3.378373E+01	-1.981059E-03	3.343531E-04
3.464997E+01	-2.097206E-03	3.665063E-04
3.551622E+01	-2.217773E-03	4.011998E-04
3.638247E+01	-2.342889E-03	4.386175E-04
3.724872E+01	-2.472688E-03	4.789579E-04
3.811497E+01	-2.607305E-03	5.224351E-04
3.898122E+01	-2.746884E-03	5.692811E-04
3.984747E+01	-2.891569E-03	6.197458E-04
4.071372E+01	-3.041512E-03	6.741003E-04
4.157997E+01	-3.196864E-03	7.326379E-04
4.244622E+01	-3.357786E-03	7.956770E-04
4.331247E+01	-3.524434E-03	8.635618E-04
4.417872E+01	-3.696969E-03	9.366660E-04
4.504497E+01	-3.875555E-03	1.015396E-03
4.591122E+01	-4.060351E-03	1.100193E-03
4.677747E+01	-4.251517E-03	1.191534E-03
4.764371E+01	-4.449207E-03	1.289941E-03
4.850996E+01	-4.653570E-03	1.395978E-03
4.937621E+01	-4.864747E-03	1.510262E-03
5.024247E+01	-5.082866E-03	1.633461E-03
5.110872E+01	-5.308037E-03	1.766302E-03
5.197496E+01	-5.540349E-03	1.909574E-03
5.284121E+01	-5.779869E-03	2.064141E-03
5.370746E+01	-6.026627E-03	2.230935E-03
5.457371E+01	-6.280612E-03	2.410973E-03
5.543996E+01	-6.541764E-03	2.605355E-03
5.630621E+01	-6.809957E-03	2.815277E-03
5.717246E+01	-7.084996E-03	3.042033E-03
5.803871E+01	-7.366593E-03	3.287022E-03
5.890496E+01	-7.654348E-03	3.551751E-03
5.977121E+01	-7.947737E-03	3.837842E-03
6.063745E+01	-8.246085E-03	4.147038E-03
6.150371E+01	-8.548529E-03	4.481194E-03
6.236996E+01	-8.853992E-03	4.842279E-03
6.323621E+01	-9.161148E-03	5.232375E-03
6.410246E+01	-9.468390E-03	5.653665E-03
6.496870E+01	-9.773761E-03	6.108406E-03
6.583495E+01	-1.007493E-02	6.598913E-03
6.670120E+01	-1.036911E-02	7.127509E-03
6.756745E+01	-1.065302E-02	7.696493E-03
6.843370E+01	-1.092286E-02	8.308062E-03
6.929995E+01	-1.117417E-02	8.964221E-03
7.016620E+01	-1.140186E-02	9.666690E-03
7.103245E+01	-1.160015E-02	1.041675E-02
7.189870E+01	-1.176252E-02	1.121512E-02
7.276495E+01	-1.188176E-02	1.206174E-02
7.363120E+01	-1.195001E-02	1.295559E-02
7.449744E+01	-1.195883E-02	1.389445E-02
7.536369E+01	-1.189938E-02	1.487466E-02
7.622994E+01	-1.176263E-02	1.589091E-02
7.709619E+01	-1.153972E-02	1.693605E-02
7.796245E+01	-1.122228E-02	1.800094E-02
7.882870E+01	-1.080299E-02	1.907435E-02
7.969495E+01	-1.027604E-02	2.014310E-02
8.056120E+01	-9.637710E-03	2.119226E-02
8.142744E+01	-8.886914E-03	2.220548E-02
8.229369E+01	-8.025636E-03	2.316561E-02
8.315994E+01	-7.059224E-03	2.405542E-02
8.402619E+01	-5.996532E-03	2.485837E-02
8.489244E+01	-4.849757E-03	2.555954E-02
8.575869E+01	-3.634045E-03	2.614640E-02
8.662494E+01	-2.366870E-03	2.660956E-02
8.749119E+01	-1.067178E-03	2.694325E-02
8.811008E+01	-1.295344E-04	2.710113E-02
8.872899E+01	8.076981E-04	2.719233E-02
8.934789E+01	1.737725E-03	2.721829E-02
8.996678E+01	2.654155E-03	2.718130E-02
9.058569E+01	3.551207E-03	2.708440E-02
9.120458E+01	4.423605E-03	2.693126E-02
9.182348E+01	5.266878E-03	2.672605E-02
9.244238E+01	6.077223E-03	2.647330E-02
9.306128E+01	6.851570E-03	2.617776E-02
9.368018E+01	7.587621E-03	2.584429E-02
9.429908E+01	8.283705E-03	2.547776E-02
9.491798E+01	8.938814E-03	2.508290E-02
9.553688E+01	9.552505E-03	2.466430E-02
9.615578E+01	1.012484E-02	2.422629E-02
9.677467E+01	1.065631E-02	2.377294E-02
9.739357E+01	1.114781E-02	2.330798E-02
9.801247E+01	1.160047E-02	2.283482E-02
9.863137E+01	1.201569E-02	2.235654E-02
9.925027E+01	1.239505E-02	2.187586E-02
9.986917E+01	1.274024E-02	2.139522E-02
1.004881E+02	1.305304E-02	2.091672E-02
1.011070E+02	1.333527E-02	2.044217E-02
1.017259E+02	1.358876E-02	1.997312E-02
1.023448E+02	1.381533E-02	1.951087E-02
1.029637E+02	1.401678E-02	1.905652E-02
1.035826E+02	1.419482E-02	1.861093E-02
1.042015E+02	1.435112E-02	1.817482E-02
1.048204E+02	1.448729E-02	1.774872E-02
1.054393E+02	1.460485E-02	1.733304E-02
1.060582E+02	1.470522E-02	1.692808E-02
1.066771E+02	1.478977E-02	1.653400E-02
1.072960E+02	1.485976E-02	1.615092E-02
1.079149E+02	1.491639E-02	1.577885E-02
1.085338E+02	1.496075E-02	1.541774E-02
1.091527E+02	1.499388E-02	1.506751E-02
1.097716E+02	1.501674E-02	1.472801E-02
1.103905E+02	1.503021E-02	1.439906E-02
1.110094E+02	1.503512E-02	1.408046E-02
1.116283E+02	1.503221E-02	1.377198E-02
1.122472E+02	1.502219E-02	1.347336E-02
1.128661E+02	1.500570E-02	1.318437E-02
1.134850E+02	1.498332E-02	1.290472E-02
1.141039E+02	1.495561E-02	1.263414E-02
1.147227E+02	1.492305E-02	1.237236E-02
1.153416E+02	1.488612E-02	1.211909E-02
1.159605E+02	1.484522E-02	1.187407E-02
1.165794E+02	1.480074E-02	1.163700E-02
1.171983E+02	1.475304E-02	1.140763E-02
1.178172E+02	1.470244E-02	1.118568E-02
1.184361E+02	1.464922E-02	1.097090E-02
1.190550E+02	1.459367E-02	1.076302E-02
1.196739E+02	1.453603E-02	1.056180E-02
1.202928E+02	1.447653E-02	1.036701E-02
1.209117E+02	1.441536E-02	1.017839E-02
1.215306E+02	1.435272E-02	9.995739E-03
1.221495E+02	1.428879E-02	9.818820E-03
1.227684E+02	1.422371E-02	9.647435E-03
1.233873E+02	1.415763E-02	9.481368E-03
1.240062E+02	1.409068E-02	9.320430E-03
1.246251E+02	1.402298E-02	9.164430E-03
1.252440E+02	1.395464E-02	9.013189E-03
1.258629E+02	1.388576E-02	8.866527E-03
1.264818E+02	1.381642E-02	8.724278E-03
1.271007E+02	1.374670E-02	8.586279E-03
1.277196E+02	1.367669E-02	8.452375E-03
1.283385E+02	1.360644E-02	8.322421E-03
1.289574E+02	1.353603E-02	8.196272E-03
1.295763E+02	1.346550E-02	8.073789E-03
1.301952E+02	1.339490E-02	7.954842E-03
1.308141E+02	1.332428E-02	7.839304E-03
1.314330E+02	1.325367E-02	7.727053E-03
1.320519E+02	1.318313E-02	7.617979E-03
1.326708E+02	1.311267E-02	7.511963E-03
1.332897E+02	1.304232E-02	7.408906E-03
1.339086E+02	1.297212E-02	7.308695E-03
1.345275E+02	1.290209E-02	7.211240E-03
1.351464E+02	1.283225E-02	7.116449E-03
1.357653E+02	1.276261E-02	7.024224E-03
1.363842E+02	1.269319E-02	6.934485E-03
1.370031E+02	1.262401E-02	6.847145E-03
1.376220E+02	1.255508E-02	6.762126E-03
1.382409E+02	1.248641E-02	6.679350E-03
1.388598E+02	1.241801E-02	6.598744E-03
1.394787E+02	1.234988E-02	6.520239E-03
1.400976E+02	1.228204E-02	6.443767E-03
1.407165E+02	1.221449E-02	6.369262E-03
1.413354E+02	1.214723E-02	6.296662E-03
1.419543E+02	1.208027E-02	6.225908E-03
1.425732E+02	1.201361E-02	6.156942E-03
1.431921E+02	1.194725E-02	6.089708E-03
1.438110E+02	1.188119E-02	6.024155E-03
1.444299E+02	1.181544E-02	5.960229E-03
1.450488E+02	1.174999E-02	5.897882E-03
1.456677E+02	1.168483E-02	5.837065E-03
1.462866E+02	1.161998E-02	5.777739E-03
1.469055E+02	1.155543E-02	5.719853E-03
1.475244E+02	1.149117E-02	5.663369E-03
1.481433E+02	1.142721E-02	5.608245E-03
1.487622E+02	1.136354E-02	5.554442E-03
1.493811E+02	1.130015E-02	5.501925E-03
1.500000E+02	1.123705E-02	5.450655E-03
